Time (s)	Light (A)	T (K)	f (Hz)	R (Ohm)	X (Ohm)
2.571	0.000	325.053	20.000	3512752.000	-84635500.000
3.973	0.000	325.053	21.363	3382268.000	-78026810.000
5.272	0.000	325.053	22.819	2970400.000	-72838200.000
6.499	0.000	325.053	24.375	2567222.000	-68349110.000
7.647	0.000	325.053	26.036	2397467.000	-64060760.000
8.775	0.000	325.053	27.811	2177524.000	-59983830.000
9.788	0.000	325.053	29.707	1979239.000	-56077640.000
10.739	0.000	325.053	31.732	1894667.000	-52511880.000
11.659	0.000	325.053	33.895	1719738.000	-49166850.000
12.505	0.000	325.053	36.205	1625568.000	-46505740.000
13.306	0.000	325.053	38.673	1598202.000	-43399500.000
14.250	0.000	325.052	41.309	1293188.000	-40530440.000
15.138	0.000	325.052	44.125	1028755.000	-37968330.000
15.973	0.000	325.052	47.133	792164.800	-35647440.000
16.760	0.000	325.052	50.346	579069.500	-33360380.000
17.498	0.000	325.052	53.777	702439.500	-31266690.000
18.205	0.000	325.052	57.443	803239.100	-29433340.000
18.863	0.000	325.051	61.359	769845.800	-27606640.000
19.484	0.000	325.051	65.541	704475.800	-25806440.000
20.070	0.000	325.051	70.009	666524.500	-24197660.000
20.624	0.000	325.052	74.781	585558.400	-22668300.000
21.152	0.000	325.052	79.878	551918.300	-21253110.000
21.644	0.000	325.052	85.323	551839.400	-19921550.000
22.111	0.000	325.052	91.139	503407.200	-18665860.000
22.552	0.000	325.052	97.352	424380.700	-17478080.000
22.971	0.000	325.052	103.987	400979.900	-16399260.000
23.376	0.000	325.052	111.076	380809.900	-15367490.000
23.769	0.000	325.052	118.647	360318.600	-14402090.000
24.133	0.000	325.052	126.735	336753.500	-13486020.000
24.473	0.000	325.052	135.373	310456.700	-12638750.000
24.836	0.000	325.052	144.601	292822.900	-11833480.000
25.160	0.000	325.052	154.458	272376.400	-11094900.000
25.484	0.000	325.051	164.986	237321.900	-10403020.000
25.817	0.000	325.051	176.232	224781.800	-9749990.000
26.099	0.000	325.051	188.245	204448.700	-9137129.000
26.394	0.000	325.051	201.077	193694.300	-8554976.000
26.692	0.000	325.051	214.783	176821.500	-8015087.000
26.944	0.000	325.051	229.423	164565.500	-7509943.000
27.251	0.000	325.051	245.062	150528.000	-7033890.000
27.581	0.000	325.051	261.766	139607.400	-6590290.000
27.870	0.000	325.051	279.609	132058.900	-6177463.000
28.123	0.000	325.051	298.669	121484.400	-5788245.000
28.423	0.000	325.051	319.027	112261.700	-5422913.000
28.721	0.000	325.051	340.773	105131.700	-5080500.000
28.949	0.000	325.051	364.002	96017.110	-4760330.000
29.207	0.000	325.051	388.814	88374.550	-4461179.000
29.430	0.000	325.051	415.317	83502.470	-4178814.000
29.686	0.000	325.050	443.627	78187.810	-3916902.000
29.967	0.000	325.050	473.866	72748.170	-3669477.000
30.191	0.000	325.050	506.167	65175.360	-3436571.000
30.389	0.000	325.050	540.670	61257.200	-3220027.000
30.627	0.000	325.050	577.524	56796.800	-3017174.000
30.865	0.000	325.050	616.890	52913.260	-2826654.000
31.072	0.000	325.050	658.940	49412.640	-2648294.000
31.314	0.000	325.050	703.857	45803.080	-2481306.000
31.533	0.000	325.050	751.834	43003.020	-2323760.000
31.726	0.000	325.050	803.083	40524.320	-2177202.000
31.974	0.000	325.050	857.824	37202.060	-2040705.000
32.160	0.000	325.051	916.297	34680.080	-1911288.000
32.384	0.000	325.051	978.756	32715.770	-1790861.000
32.918	0.000	325.051	1045.472	29983.800	-1678239.000
33.404	0.000	325.051	1116.736	27649.680	-1572061.000
33.864	0.000	325.050	1192.857	25611.140	-1473006.000
34.302	0.000	325.051	1274.167	24358.290	-1379855.000
34.713	0.000	325.051	1361.020	22558.960	-1292808.000
35.107	0.000	325.050	1453.793	20897.120	-1211271.000
35.492	0.000	325.050	1552.890	19667.330	-1134883.000
35.876	0.000	325.050	1658.741	18285.610	-1062927.000
36.256	0.000	325.051	1771.808	16924.780	-995687.600
36.602	0.000	325.051	1892.582	15969.080	-932967.900
36.962	0.000	325.051	2021.589	14599.310	-874040.500
37.314	0.000	325.051	2159.389	13894.890	-818843.200
37.639	0.000	325.051	2306.582	12828.150	-767056.800
37.990	0.000	325.051	2463.808	11975.320	-718513.300
38.320	0.000	325.051	2631.752	11191.240	-672991.300
38.701	0.000	325.051	2811.143	10483.980	-630601.900
39.058	0.000	325.051	3002.763	9766.899	-590734.100
39.423	0.000	325.051	3207.444	9050.148	-553385.800
39.671	0.000	325.051	3426.077	8537.020	-518308.400
40.002	0.000	325.051	3659.613	7939.384	-485590.700
40.228	0.000	325.051	3909.068	7561.936	-454806.900
40.606	0.000	325.051	4175.526	7006.715	-426072.100
40.969	0.000	325.051	4460.148	6525.385	-399119.200
41.300	0.000	325.051	4764.171	6077.170	-373994.600
41.660	0.000	325.051	5088.917	5794.501	-350273.500
42.001	0.000	325.051	5435.799	5388.986	-328096.200
42.306	0.000	325.051	5806.326	5040.271	-307468.500
42.633	0.000	325.051	6202.110	4669.503	-287871.900
42.870	0.000	325.051	6624.872	4359.608	-269699.600
43.186	0.000	325.051	7076.452	4061.998	-252669.600
43.435	0.000	325.050	7558.813	3831.591	-236768.600
43.724	0.000	325.050	8074.054	3630.277	-221729.800
44.001	0.000	325.050	8624.416	3399.794	-207749.900
44.331	0.000	325.050	9212.292	3052.302	-194568.200
44.589	0.000	325.050	9840.241	2923.754	-182326.600
44.857	0.000	325.050	10510.994	2807.499	-170835.900
45.127	0.000	325.050	11227.468	2626.275	-160060.100
45.381	0.000	325.049	11992.780	2453.868	-149889.600
45.645	0.000	325.049	12810.259	2309.436	-140430.100
45.948	0.000	325.049	13683.461	2169.222	-131560.300
46.214	0.000	325.049	14616.184	2033.313	-123238.400
46.426	0.000	325.049	15612.485	1924.674	-115419.700
46.696	0.000	325.049	16676.698	1785.588	-108145.900
47.007	0.000	325.049	17813.453	1692.344	-101311.000
47.280	0.000	325.049	19027.694	1583.463	-94890.050
47.516	0.000	325.049	20324.702	1488.402	-88893.930
47.781	0.000	325.049	21710.121	1412.539	-83277.910
48.013	0.000	325.049	23189.975	1293.815	-78012.640
48.256	0.000	325.049	24770.702	1256.178	-73076.130
48.500	0.000	325.048	26459.178	1175.966	-68453.420
48.781	0.000	325.048	28262.749	1104.469	-64114.750
49.054	0.000	325.048	30189.258	1004.519	-60077.420
49.338	0.000	325.048	32247.086	980.906	-56256.830
49.637	0.000	325.048	34445.185	916.928	-52711.450
49.953	0.000	325.048	36793.115	878.523	-49384.810
50.203	0.000	325.048	39301.090	808.172	-46252.360
50.477	0.000	325.048	41980.020	773.397	-43323.090
50.835	0.000	325.048	44841.556	728.144	-40579.670
51.252	0.000	325.048	47898.147	702.593	-38015.500
51.712	0.000	325.047	51163.089	644.006	-35613.670
52.026	0.000	325.047	54650.583	622.275	-33368.190
52.405	0.000	325.046	58375.799	558.097	-31276.840
52.657	0.000	325.046	62354.942	560.405	-29287.140
53.103	0.000	325.046	66605.320	507.843	-27404.440
53.495	0.000	325.046	71145.421	491.890	-25678.130
53.763	0.000	325.046	75994.996	473.424	-24061.210
54.053	0.000	325.046	81175.138	428.810	-22517.270
54.432	0.000	325.045	86708.381	415.106	-21100.090
54.708	0.000	325.045	92618.793	403.131	-19769.640
55.005	0.000	325.045	98932.084	363.821	-18500.680
55.373	0.000	325.045	105675.715	326.813	-17326.380
55.654	0.000	325.045	112879.022	362.648	-16237.040
55.948	0.000	325.045	120573.336	315.705	-15192.240
56.299	0.000	325.045	128792.127	300.861	-14217.310
56.628	0.000	325.045	137571.146	288.880	-13333.560
57.066	0.000	325.045	146948.581	284.359	-12474.860
57.326	0.000	325.045	156965.221	278.062	-11687.750
57.618	0.000	325.045	167664.638	268.268	-10928.380
57.893	0.000	325.045	179093.373	230.309	-10238.690
58.274	0.000	325.045	191301.139	237.165	-9558.994
58.591	0.000	325.045	204341.039	221.530	-8938.193
58.824	0.000	325.045	218269.793	260.634	-8342.502
59.113	0.000	325.045	233147.990	266.873	-7868.053
59.348	0.000	325.045	249040.349	234.982	-7349.484
59.671	0.000	325.044	266015.998	216.618	-6860.155
59.931	0.000	325.044	284148.780	230.515	-6422.923
60.208	0.000	325.045	303517.570	283.467	-6014.401
60.629	0.000	325.045	324206.618	211.514	-5630.858
60.905	0.000	325.045	346305.920	191.253	-5245.418
61.193	0.000	325.044	369911.605	182.343	-4899.981
61.533	0.000	325.044	395126.353	155.164	-4534.432
61.831	0.000	325.044	422059.846	155.007	-4180.323
62.122	0.000	325.044	450829.241	187.342	-3847.484
62.480	0.000	325.044	481559.679	204.682	-3476.813
62.814	0.000	325.044	514384.835	354.577	-3208.215
63.104	0.000	325.044	549447.493	422.262	-3124.224
63.363	0.000	325.044	586900.171	454.727	-2338.400
63.651	0.000	325.044	626905.783	3179.232	-4072.906
63.971	0.000	325.044	669638.348	334.089	-3494.004
64.252	0.000	325.044	715283.746	172.238	-2981.137
64.632	0.000	325.044	764040.529	142.122	-2594.353
64.966	0.000	325.045	816120.781	238.024	-2187.231
65.251	0.000	325.045	871751.044	363.260	-2355.183
65.495	0.000	325.045	931173.304	138.552	-2156.649
65.776	0.000	325.045	994646.037	236.812	-1801.981
66.020	0.000	325.045	1062445.341	146.930	-1884.505
66.349	0.000	325.045	1134866.134	96.698	-1797.307
66.795	0.000	325.045	1212223.437	177.896	-1724.991
67.092	0.000	325.045	1294853.743	164.196	-1589.863
67.420	0.000	325.045	1383116.481	96.527	-1441.777
67.889	0.000	325.045	1477395.584	200.881	-1394.902
68.415	0.000	325.045	1578101.150	30.663	-1341.528
68.697	0.000	325.045	1685671.237	42.323	-1194.643
68.945	0.000	325.045	1800573.758	45.208	-1097.125
69.331	0.000	325.045	1923308.524	49.571	-1058.786
69.580	0.000	325.045	2054409.414	29.835	-968.189
69.906	0.000	325.045	2194446.698	41.680	-865.060
70.182	0.000	325.045	2344029.518	46.254	-817.348
70.484	0.000	325.045	2503808.540	62.106	-764.563
70.741	0.000	325.045	2674478.780	55.196	-725.971
71.160	0.000	325.044	2856782.629	40.977	-655.012
71.438	0.000	325.045	3051513.084	48.092	-603.129
71.710	0.000	325.045	3259517.196	53.207	-556.272
72.000	0.000	325.045	3481699.752	48.234	-513.403
72.329	0.000	325.045	3719027.216	68.459	-472.644
72.598	0.000	325.045	3972531.929	52.633	-433.443
72.903	0.000	325.045	4243316.602	50.563	-395.764
73.152	0.000	325.045	4532559.110	177.487	-376.862
73.431	0.000	325.045	4841517.618	44.310	-389.695
73.702	0.000	325.045	5171536.051	45.274	-338.801
74.103	0.000	325.045	5524049.945	39.582	-290.650
74.489	0.000	325.045	5900592.685	45.007	-236.021
74.765	0.000	325.045	6302802.180	133.951	-249.644
75.068	0.000	325.045	6732427.985	41.710	-291.031
75.360	0.000	325.045	7191338.911	22.208	-230.399
75.676	0.000	325.045	7681531.159	16.039	-193.742
75.995	0.000	325.045	8205136.995	8.668	-166.677
76.278	0.000	325.045	8764434.032	5.590	-135.600
76.641	0.000	325.045	9361855.135	6.046	-108.126
76.888	0.000	325.045	9999999.000	7.390	-84.609
