Time (s)	Light (A)	T (K)	f (Hz)	R (Ohm)	X (Ohm)
2.574	0.000	334.927	20.000	4450408.000	-81516420.000
3.958	0.000	334.927	21.363	2624353.000	-74355180.000
5.272	0.000	334.926	22.819	2192422.000	-69833530.000
6.493	0.000	334.926	24.375	2271162.000	-65534220.000
7.641	0.000	334.926	26.036	1911997.000	-61401020.000
8.718	0.000	334.926	27.811	1851608.000	-57562360.000
9.767	0.000	334.927	29.707	1749173.000	-53874290.000
10.718	0.000	334.927	31.732	1470258.000	-50598080.000
11.616	0.000	334.927	33.895	1287849.000	-47277680.000
12.461	0.000	334.927	36.205	1454594.000	-44197470.000
13.262	0.000	334.927	38.673	1170023.000	-41359400.000
14.204	0.000	334.927	41.309	999758.500	-38866700.000
15.093	0.000	334.927	44.125	730341.200	-36361830.000
15.928	0.000	334.927	47.133	575346.900	-33998310.000
16.725	0.000	334.927	50.346	416431.800	-31831270.000
17.476	0.000	334.927	53.777	500885.300	-29913160.000
18.174	0.000	334.927	57.443	587307.100	-28118210.000
18.833	0.000	334.927	61.359	615453.400	-26348140.000
19.452	0.000	334.927	65.541	608263.400	-24676990.000
20.038	0.000	334.928	70.009	543179.000	-23101540.000
20.590	0.000	334.928	74.781	492833.700	-21672770.000
21.114	0.000	334.928	79.878	482912.700	-20305520.000
21.625	0.000	334.928	85.323	427260.800	-19047260.000
22.092	0.000	334.927	91.139	380944.400	-17836750.000
22.533	0.000	334.927	97.352	347825.500	-16700160.000
22.952	0.000	334.927	103.987	343017.100	-15644920.000
23.376	0.000	334.927	111.076	312878.000	-14661270.000
23.751	0.000	334.927	118.647	283699.500	-13735030.000
24.114	0.000	334.927	126.735	263446.800	-12872660.000
24.480	0.000	334.927	135.373	251551.200	-12060120.000
24.812	0.000	334.927	144.601	211718.700	-11304690.000
25.157	0.000	334.927	154.458	215612.000	-10596050.000
25.464	0.000	334.926	164.986	196421.700	-9920122.000
25.766	0.000	334.926	176.232	180451.600	-9292066.000
26.089	0.000	334.926	188.245	171937.100	-8705162.000
26.368	0.000	334.926	201.077	157624.300	-8152526.000
26.650	0.000	334.926	214.783	141334.700	-7640931.000
26.943	0.000	334.926	229.423	133358.900	-7156929.000
27.219	0.000	334.926	245.062	118524.300	-6707288.000
27.525	0.000	334.926	261.766	112863.800	-6282318.000
27.813	0.000	334.926	279.609	104037.700	-5884896.000
28.104	0.000	334.926	298.669	95418.630	-5512995.000
28.351	0.000	334.926	319.027	90287.490	-5164100.000
28.646	0.000	334.926	340.773	83645.740	-4838772.000
28.943	0.000	334.926	364.002	77276.860	-4533281.000
29.255	0.000	334.926	388.814	72142.340	-4247073.000
29.478	0.000	334.926	415.317	66589.880	-3978953.000
29.710	0.000	334.926	443.627	61027.180	-3726901.000
29.945	0.000	334.927	473.866	59661.740	-3491891.000
30.178	0.000	334.927	506.167	52567.880	-3271845.000
30.396	0.000	334.927	540.670	50051.440	-3065110.000
30.660	0.000	334.927	577.524	45059.880	-2870350.000
30.871	0.000	334.927	616.890	42562.560	-2688416.000
31.139	0.000	334.927	658.940	39490.800	-2519087.000
31.349	0.000	334.927	703.857	36299.060	-2360239.000
31.541	0.000	334.927	751.834	34520.400	-2210701.000
31.773	0.000	334.927	803.083	31846.340	-2071329.000
32.005	0.000	334.927	857.824	30121.640	-1940469.000
32.203	0.000	334.927	916.297	27985.930	-1816491.000
32.470	0.000	334.927	978.756	25791.290	-1701776.000
32.984	0.000	334.927	1045.472	23619.730	-1594690.000
33.479	0.000	334.928	1116.736	22570.250	-1493834.000
33.939	0.000	334.928	1192.857	20801.800	-1399602.000
34.374	0.000	334.928	1274.167	19254.740	-1310937.000
34.793	0.000	334.928	1361.020	18040.090	-1227728.000
35.212	0.000	334.928	1453.793	16967.740	-1149779.000
35.592	0.000	334.928	1552.890	15674.800	-1077308.000
35.948	0.000	334.928	1658.741	14620.500	-1009217.000
36.359	0.000	334.928	1771.808	13647.560	-945302.500
36.725	0.000	334.929	1892.582	12478.040	-885482.600
37.082	0.000	334.929	2021.589	11755.830	-829652.600
37.435	0.000	334.929	2159.389	10928.970	-776855.300
37.810	0.000	334.929	2306.582	10255.140	-727809.000
38.124	0.000	334.930	2463.808	9568.643	-681734.700
38.478	0.000	334.930	2631.752	9011.065	-638598.800
38.871	0.000	334.930	2811.143	8373.450	-598152.900
39.184	0.000	334.930	3002.763	7757.119	-560314.900
39.485	0.000	334.930	3207.444	7349.389	-524815.100
39.778	0.000	334.930	3426.077	6892.567	-491653.000
40.026	0.000	334.930	3659.613	6432.204	-460445.900
40.322	0.000	334.930	3909.068	6014.605	-431371.700
40.707	0.000	334.930	4175.526	5689.580	-404040.200
41.091	0.000	334.930	4460.148	5229.941	-378477.700
41.460	0.000	334.930	4764.171	4900.560	-354517.500
41.844	0.000	334.930	5088.917	4668.912	-332058.700
42.128	0.000	334.930	5435.799	4320.193	-311090.100
42.450	0.000	334.930	5806.326	3992.670	-291344.700
42.729	0.000	334.930	6202.110	3816.005	-272962.800
43.027	0.000	334.930	6624.872	3557.197	-255657.800
43.297	0.000	334.930	7076.452	3352.809	-239453.800
43.532	0.000	334.930	7558.813	3095.074	-224281.400
43.842	0.000	334.930	8074.054	2958.659	-210119.900
44.118	0.000	334.930	8624.416	2667.910	-196832.600
44.455	0.000	334.930	9212.292	2513.181	-184354.800
44.717	0.000	334.930	9840.241	2413.480	-172705.100
44.949	0.000	334.930	10510.994	2203.517	-161758.500
45.197	0.000	334.931	11227.468	2108.430	-151523.000
45.457	0.000	334.931	11992.780	1975.989	-141890.900
45.741	0.000	334.930	12810.259	1854.483	-132938.800
46.005	0.000	334.930	13683.461	1751.266	-124542.500
46.250	0.000	334.930	14616.184	1643.644	-116627.600
46.498	0.000	334.930	15612.485	1545.176	-109270.400
46.773	0.000	334.930	16676.698	1462.039	-102365.700
47.035	0.000	334.930	17813.453	1360.700	-95887.120
47.299	0.000	334.930	19027.694	1271.250	-89818.930
47.558	0.000	334.930	20324.702	1195.949	-84129.400
47.792	0.000	334.930	21710.121	1141.214	-78824.400
48.084	0.000	334.930	23189.975	1076.684	-73832.750
48.353	0.000	334.930	24770.702	1006.165	-69134.330
48.628	0.000	334.930	26459.178	950.774	-64767.400
48.915	0.000	334.930	28262.749	903.301	-60687.030
49.208	0.000	334.930	30189.258	822.934	-56826.260
49.508	0.000	334.931	32247.086	793.888	-53230.420
49.768	0.000	334.931	34445.185	757.443	-49855.600
50.011	0.000	334.931	36793.115	720.935	-46697.110
50.293	0.000	334.931	39301.090	673.319	-43741.380
50.563	0.000	334.931	41980.020	637.810	-40975.890
50.981	0.000	334.932	44841.556	600.380	-38382.520
51.380	0.000	334.932	47898.147	571.128	-35954.660
51.822	0.000	334.932	51163.089	522.944	-33684.110
52.101	0.000	334.933	54650.583	505.423	-31534.200
52.475	0.000	334.933	58375.799	474.206	-29560.860
52.785	0.000	334.933	62354.942	444.950	-27644.410
53.179	0.000	334.933	66605.320	427.606	-25923.910
53.494	0.000	334.933	71145.421	400.092	-24279.430
53.800	0.000	334.933	75994.996	371.247	-22737.460
54.077	0.000	334.933	81175.138	349.709	-21293.030
54.390	0.000	334.933	86708.381	339.329	-19940.220
54.666	0.000	334.933	92618.793	324.969	-18677.250
54.946	0.000	334.933	98932.084	304.091	-17485.500
55.267	0.000	334.933	105675.715	295.468	-16374.290
55.558	0.000	334.933	112879.022	288.606	-15336.540
55.846	0.000	334.933	120573.336	261.577	-14360.450
56.254	0.000	334.933	128792.127	237.930	-13465.890
56.559	0.000	334.933	137571.146	237.815	-12599.890
56.943	0.000	334.933	146948.581	236.000	-11787.600
57.209	0.000	334.933	156965.221	219.694	-11038.970
57.499	0.000	334.933	167664.638	216.943	-10332.160
57.769	0.000	334.933	179093.373	199.521	-9659.905
58.074	0.000	334.933	191301.139	205.346	-9024.815
58.436	0.000	334.933	204341.039	198.819	-8443.797
58.741	0.000	334.933	218269.793	239.845	-7887.748
59.050	0.000	334.933	233147.990	224.615	-7428.693
59.311	0.000	334.933	249040.349	208.498	-6955.038
59.640	0.000	334.933	266015.998	185.206	-6488.781
59.932	0.000	334.933	284148.780	191.251	-6087.159
60.220	0.000	334.933	303517.570	230.384	-5711.148
60.648	0.000	334.933	324206.618	176.214	-5324.538
60.931	0.000	334.933	346305.920	172.127	-4961.456
61.220	0.000	334.933	369911.605	162.580	-4647.264
61.510	0.000	334.933	395126.353	136.657	-4297.710
61.767	0.000	334.933	422059.846	139.266	-3971.273
62.123	0.000	334.933	450829.241	168.236	-3676.843
62.453	0.000	334.933	481559.679	198.548	-3332.940
62.731	0.000	334.933	514384.835	315.678	-3102.153
62.971	0.000	334.933	549447.493	282.828	-2933.204
63.283	0.000	334.933	586900.171	543.001	-2150.721
63.583	0.000	334.934	626905.783	928.669	-4056.319
63.902	0.000	334.934	669638.348	195.652	-3054.819
64.223	0.000	334.934	715283.746	127.636	-2690.156
64.529	0.000	334.934	764040.529	124.072	-2386.767
64.810	0.000	334.934	816120.781	274.793	-2004.845
65.060	0.000	334.934	871751.044	305.450	-2228.263
65.355	0.000	334.935	931173.304	113.852	-1954.655
65.612	0.000	334.935	994646.037	320.921	-1690.382
65.925	0.000	334.935	1062445.341	145.976	-1688.251
66.180	0.000	334.935	1134866.134	54.363	-1629.000
66.664	0.000	334.935	1212223.437	104.439	-1617.933
66.908	0.000	334.935	1294853.743	97.780	-1456.010
67.234	0.000	334.935	1383116.481	107.604	-1281.151
67.632	0.000	334.935	1477395.584	149.125	-1360.682
68.057	0.000	334.935	1578101.150	11.151	-1217.670
68.339	0.000	334.935	1685671.237	30.294	-1096.144
68.641	0.000	334.935	1800573.758	37.282	-1010.621
68.988	0.000	334.936	1923308.524	27.932	-964.113
69.274	0.000	334.936	2054409.414	10.924	-889.005
69.588	0.000	334.936	2194446.698	35.220	-799.670
69.864	0.000	334.936	2344029.518	25.239	-759.059
70.184	0.000	334.936	2503808.540	32.744	-704.261
70.450	0.000	334.936	2674478.780	29.429	-672.719
70.910	0.000	334.936	2856782.629	21.650	-593.629
71.215	0.000	334.936	3051513.084	20.876	-549.174
71.528	0.000	334.936	3259517.196	35.309	-509.072
71.805	0.000	334.936	3481699.752	38.673	-451.454
72.131	0.000	334.936	3719027.216	54.288	-429.751
72.402	0.000	334.937	3972531.929	33.920	-383.418
72.697	0.000	334.937	4243316.602	51.041	-332.251
72.957	0.000	334.937	4532559.110	153.325	-389.120
73.213	0.000	334.937	4841517.618	35.213	-348.920
73.540	0.000	334.937	5171536.051	36.349	-310.498
73.931	0.000	334.938	5524049.945	32.372	-262.200
74.255	0.000	334.938	5900592.685	40.680	-216.476
74.525	0.000	334.938	6302802.180	114.090	-236.028
74.861	0.000	334.938	6732427.985	28.822	-245.302
75.159	0.000	334.938	7191338.911	19.653	-196.201
75.482	0.000	334.938	7681531.159	16.544	-168.525
75.739	0.000	334.938	8205136.995	9.196	-141.183
76.010	0.000	334.938	8764434.032	7.935	-112.419
76.356	0.000	334.938	9361855.135	9.580	-88.277
76.609	0.000	334.938	9999999.000	9.837	-68.442
