Time (s)	Light (A)	T (K)	f (Hz)	R (Ohm)	X (Ohm)
2.572	0.000	400.046	20.000	1178607.000	-68551340.000
3.953	0.000	400.046	21.363	1323859.000	-63194730.000
5.251	0.000	400.046	22.819	1097443.000	-59535580.000
6.470	0.000	400.046	24.375	1059632.000	-55651340.000
7.615	0.000	400.046	26.036	1038269.000	-52057600.000
8.693	0.000	400.046	27.811	821749.600	-48782760.000
9.706	0.000	400.046	29.707	819686.400	-45572360.000
10.659	0.000	400.046	31.732	795248.200	-42685850.000
11.554	0.000	400.046	33.895	708614.100	-40113800.000
12.401	0.000	400.046	36.205	506678.600	-37474510.000
13.203	0.000	400.046	38.673	480795.600	-35193150.000
14.146	0.000	400.046	41.309	480892.600	-32940820.000
15.034	0.000	400.046	44.125	360724.000	-30804030.000
15.875	0.000	400.047	47.133	160430.500	-28825090.000
16.660	0.000	400.047	50.346	183145.200	-27005880.000
17.398	0.000	400.047	53.777	166483.400	-25292080.000
18.094	0.000	400.047	57.443	275257.700	-23765090.000
18.751	0.000	400.047	61.359	321517.800	-22281570.000
19.372	0.000	400.047	65.541	264057.600	-20830200.000
19.956	0.000	400.047	70.009	282662.100	-19528690.000
20.506	0.000	400.047	74.781	271411.100	-18282070.000
21.053	0.000	400.047	79.878	231375.700	-17128450.000
21.547	0.000	400.047	85.323	232683.100	-16018200.000
22.032	0.000	400.047	91.139	212062.900	-15023570.000
22.578	0.000	400.047	97.352	164579.900	-14065170.000
23.012	0.000	400.048	103.987	180826.400	-13178920.000
23.520	0.000	400.048	111.076	156395.000	-12333170.000
23.925	0.000	400.048	118.647	150706.800	-11552710.000
24.373	0.000	400.048	126.735	142251.400	-10824670.000
24.851	0.000	400.048	135.373	131196.800	-10141560.000
25.251	0.000	400.048	144.601	139232.600	-9495345.000
25.631	0.000	400.048	154.458	130763.500	-8901580.000
25.997	0.000	400.048	164.986	107368.100	-8329917.000
26.386	0.000	400.048	176.232	98082.620	-7802139.000
26.787	0.000	400.048	188.245	91321.040	-7311107.000
27.067	0.000	400.049	201.077	84222.660	-6846069.000
27.358	0.000	400.049	214.783	78227.030	-6412281.000
27.640	0.000	400.049	229.423	74551.650	-6006963.000
27.984	0.000	400.049	245.062	64775.860	-5625311.000
28.395	0.000	400.049	261.766	64239.830	-5269864.000
28.726	0.000	400.049	279.609	59556.990	-4934386.000
28.978	0.000	400.049	298.669	55857.410	-4620693.000
29.260	0.000	400.050	319.027	52753.200	-4327379.000
29.703	0.000	400.050	340.773	48615.260	-4054559.000
30.100	0.000	400.050	364.002	46314.330	-3796488.000
30.332	0.000	400.050	388.814	42924.150	-3556244.000
30.669	0.000	400.050	415.317	39163.070	-3330747.000
30.934	0.000	400.050	443.627	37489.800	-3119225.000
31.136	0.000	400.050	473.866	35087.710	-2921572.000
31.442	0.000	400.050	506.167	33086.160	-2735623.000
31.686	0.000	400.050	540.670	30984.110	-2563007.000
31.952	0.000	400.050	577.524	29574.320	-2400738.000
32.225	0.000	400.050	616.890	27236.490	-2248448.000
32.443	0.000	400.050	658.940	25572.470	-2106220.000
32.728	0.000	400.050	703.857	24291.860	-1972398.000
32.979	0.000	400.050	751.834	22323.160	-1846882.000
33.255	0.000	400.050	803.083	20872.300	-1730298.000
33.499	0.000	400.050	857.824	19747.440	-1620929.000
33.746	0.000	400.050	916.297	18135.630	-1518367.000
34.059	0.000	400.050	978.756	17305.600	-1422181.000
34.628	0.000	400.050	1045.472	15965.620	-1332044.000
35.194	0.000	400.050	1116.736	15230.000	-1247476.000
35.744	0.000	400.050	1192.857	14217.390	-1168675.000
36.203	0.000	400.050	1274.167	13264.620	-1094452.000
36.668	0.000	400.050	1361.020	12351.170	-1025181.000
37.115	0.000	400.050	1453.793	11769.630	-960257.700
37.560	0.000	400.050	1552.890	10917.620	-899382.100
37.979	0.000	400.050	1658.741	10151.640	-842472.700
38.409	0.000	400.050	1771.808	9703.294	-789057.900
38.856	0.000	400.050	1892.582	8977.571	-739107.300
39.174	0.000	400.050	2021.589	8301.022	-692305.000
39.577	0.000	400.050	2159.389	7821.840	-648332.600
39.877	0.000	400.050	2306.582	7309.637	-607335.000
40.310	0.000	400.050	2463.808	7063.334	-568870.100
40.677	0.000	400.050	2631.752	6504.678	-532796.400
41.012	0.000	400.050	2811.143	6140.459	-499132.600
41.345	0.000	400.050	3002.763	5722.465	-467581.300
41.661	0.000	400.050	3207.444	5409.437	-437913.900
41.982	0.000	400.050	3426.077	5070.890	-410101.000
42.324	0.000	400.050	3659.613	4751.216	-384153.800
42.635	0.000	400.050	3909.068	4482.809	-359930.200
43.153	0.000	400.050	4175.526	4290.594	-337030.000
43.514	0.000	400.050	4460.148	3978.728	-315712.400
44.068	0.000	400.050	4764.171	3767.161	-295712.600
44.377	0.000	400.050	5088.917	3506.183	-276950.300
44.794	0.000	400.050	5435.799	3247.869	-259462.400
45.127	0.000	400.050	5806.326	3100.765	-243034.000
45.366	0.000	400.050	6202.110	2949.055	-227658.200
45.712	0.000	400.050	6624.872	2727.748	-213230.500
46.020	0.000	400.050	7076.452	2580.978	-199719.700
46.312	0.000	400.050	7558.813	2390.964	-186980.300
46.808	0.000	400.050	8074.054	2261.319	-175237.800
47.124	0.000	400.050	8624.416	2120.343	-164058.300
47.433	0.000	400.050	9212.292	1993.841	-153714.900
47.724	0.000	400.050	9840.241	1877.889	-143994.800
48.064	0.000	400.050	10510.994	1784.267	-134864.300
48.377	0.000	400.050	11227.468	1672.700	-126329.900
48.774	0.000	400.050	11992.780	1579.273	-118323.400
49.245	0.000	400.050	12810.259	1487.446	-110852.300
49.690	0.000	400.050	13683.461	1407.974	-103837.300
50.059	0.000	400.050	14616.184	1330.471	-97260.490
50.386	0.000	400.049	15612.485	1254.048	-91110.080
50.657	0.000	400.049	16676.698	1174.648	-85337.690
50.942	0.000	400.049	17813.453	1112.697	-79949.950
51.233	0.000	400.049	19027.694	1044.014	-74887.100
51.613	0.000	400.049	20324.702	987.405	-70142.200
52.066	0.000	400.049	21710.121	933.534	-65706.750
52.450	0.000	400.049	23189.975	876.207	-61550.270
52.840	0.000	400.048	24770.702	825.865	-57647.140
53.264	0.000	400.048	26459.178	782.521	-53996.780
53.512	0.000	400.048	28262.749	739.074	-50580.500
53.852	0.000	400.048	30189.258	693.948	-47379.660
54.165	0.000	400.048	32247.086	658.542	-44378.470
54.432	0.000	400.048	34445.185	621.473	-41567.820
54.748	0.000	400.048	36793.115	584.591	-38939.030
55.065	0.000	400.048	39301.090	551.877	-36480.630
55.407	0.000	400.048	41980.020	524.255	-34168.270
55.910	0.000	400.048	44841.556	494.135	-32006.500
56.309	0.000	400.047	47898.147	470.317	-29984.950
56.746	0.000	400.047	51163.089	442.638	-28091.870
57.166	0.000	400.047	54650.583	422.092	-26298.220
57.649	0.000	400.047	58375.799	394.396	-24644.760
57.940	0.000	400.048	62354.942	376.705	-23099.610
58.560	0.000	400.048	66605.320	358.558	-21627.670
59.027	0.000	400.047	71145.421	336.177	-20258.270
59.296	0.000	400.048	75994.996	318.760	-18985.010
59.626	0.000	400.048	81175.138	304.591	-17770.760
60.037	0.000	400.048	86708.381	287.206	-16648.920
60.416	0.000	400.048	92618.793	269.200	-15602.450
60.690	0.000	400.048	98932.084	256.087	-14606.970
61.013	0.000	400.048	105675.715	219.755	-13700.960
61.386	0.000	400.048	112879.022	222.170	-12831.490
62.094	0.000	400.048	120573.336	213.831	-12015.670
62.569	0.000	400.048	128792.127	184.994	-11255.080
62.940	0.000	400.048	137571.146	202.048	-10541.120
63.343	0.000	400.048	146948.581	191.424	-9882.305
63.813	0.000	400.048	156965.221	176.957	-9250.526
64.150	0.000	400.048	167664.638	168.064	-8669.618
64.585	0.000	400.048	179093.373	163.062	-8118.280
64.895	0.000	400.048	191301.139	153.507	-7608.395
65.362	0.000	400.048	204341.039	146.904	-7125.425
65.892	0.000	400.048	218269.793	139.535	-6672.200
66.270	0.000	400.048	233147.990	139.562	-6248.025
66.694	0.000	400.048	249040.349	127.595	-5862.703
66.981	0.000	400.048	266015.998	119.488	-5488.143
67.352	0.000	400.048	284148.780	114.281	-5140.298
67.879	0.000	400.048	303517.570	109.477	-4812.531
68.556	0.000	400.048	324206.618	105.182	-4507.415
68.832	0.000	400.048	346305.920	103.019	-4221.542
69.212	0.000	400.048	369911.605	96.779	-3954.943
69.579	0.000	400.047	395126.353	92.995	-3703.608
70.048	0.000	400.047	422059.846	89.351	-3465.658
70.336	0.000	400.047	450829.241	86.475	-3244.314
70.772	0.000	400.047	481559.679	86.107	-3032.373
71.131	0.000	400.047	514384.835	80.632	-2845.313
71.424	0.000	400.047	549447.493	93.845	-2665.941
71.817	0.000	400.047	586900.171	86.580	-2481.429
72.074	0.000	400.046	626905.783	74.466	-2342.807
72.580	0.000	400.046	669638.348	68.494	-2188.044
72.920	0.000	400.046	715283.746	73.563	-2053.009
73.391	0.000	400.046	764040.529	64.285	-1909.292
73.653	0.000	400.046	816120.781	64.059	-1783.302
74.108	0.000	400.046	871751.044	64.258	-1675.853
74.467	0.000	400.046	931173.304	56.499	-1564.023
74.820	0.000	400.047	994646.037	67.023	-1445.845
75.061	0.000	400.047	1062445.341	10.798	-1370.753
75.386	0.000	400.047	1134866.134	14.795	-1276.026
75.909	0.000	400.047	1212223.437	38.427	-1193.098
76.169	0.000	400.047	1294853.743	4.774	-1120.852
76.559	0.000	400.047	1383116.481	28.807	-1049.615
77.063	0.000	400.048	1477395.584	5.955	-979.293
77.560	0.000	400.048	1578101.150	-5.905	-915.059
78.034	0.000	400.048	1685671.237	-4.041	-848.002
78.302	0.000	400.048	1800573.758	10.314	-786.371
78.800	0.000	400.048	1923308.524	-2.531	-740.064
79.075	0.000	400.048	2054409.414	-2.817	-685.237
79.469	0.000	400.048	2194446.698	1.865	-636.001
79.773	0.000	400.049	2344029.518	-1.038	-596.792
80.194	0.000	400.049	2503808.540	-6.085	-547.832
80.492	0.000	400.048	2674478.780	-4.508	-500.305
81.170	0.000	400.048	2856782.629	-3.631	-464.229
81.438	0.000	400.048	3051513.084	-2.869	-428.623
82.000	0.000	400.048	3259517.196	4.736	-389.617
82.542	0.000	400.048	3481699.752	0.746	-350.440
82.851	0.000	400.048	3719027.216	18.148	-308.157
83.309	0.000	400.048	3972531.929	32.485	-297.094
83.620	0.000	400.048	4243316.602	34.022	-300.460
84.104	0.000	400.048	4532559.110	15.634	-273.466
84.529	0.000	400.048	4841517.618	18.234	-243.940
84.864	0.000	400.048	5171536.051	8.430	-217.567
85.368	0.000	400.048	5524049.945	8.063	-197.319
85.663	0.000	400.048	5900592.685	7.642	-173.639
85.916	0.000	400.048	6302802.180	0.570	-153.598
86.418	0.000	400.048	6732427.985	3.738	-128.050
86.916	0.000	400.048	7191338.911	5.372	-109.772
87.299	0.000	400.048	7681531.159	5.029	-90.965
87.725	0.000	400.048	8205136.995	6.406	-74.425
87.982	0.000	400.048	8764434.032	5.705	-56.629
88.539	0.000	400.048	9361855.135	7.461	-39.270
88.888	0.000	400.048	9999999.000	9.574	-25.659
