Time (s)	Light (A)	T (K)	f (Hz)	R (Ohm)	X (Ohm)
2.574	0.000	405.049	20.000	1432689.000	-67408110.000
3.957	0.000	405.048	21.363	1399081.000	-62236710.000
5.263	0.000	405.048	22.819	1094551.000	-58406420.000
6.483	0.000	405.048	24.375	1036402.000	-54764250.000
7.637	0.000	405.048	26.036	1016889.000	-51261350.000
8.715	0.000	405.048	27.811	833329.100	-47948000.000
9.729	0.000	405.049	29.707	780630.600	-44960060.000
10.682	0.000	405.050	31.732	699215.700	-42090370.000
11.581	0.000	405.050	33.895	626122.400	-39270480.000
12.476	0.000	405.050	36.205	655289.700	-36807670.000
13.281	0.000	405.050	38.673	624129.100	-34417110.000
14.223	0.000	405.050	41.309	447738.400	-32323420.000
15.110	0.000	405.050	44.125	310268.400	-30261730.000
15.945	0.000	405.050	47.133	139292.500	-28282950.000
16.737	0.000	405.050	50.346	149348.900	-26546560.000
17.476	0.000	405.050	53.777	223394.400	-24838880.000
18.172	0.000	405.050	57.443	277906.200	-23295530.000
18.827	0.000	405.050	61.359	307063.600	-21854700.000
19.502	0.000	405.050	65.541	281708.500	-20474070.000
20.108	0.000	405.050	70.009	286622.200	-19181770.000
20.715	0.000	405.050	74.781	266118.500	-17960550.000
21.279	0.000	405.050	79.878	234764.200	-16798670.000
21.792	0.000	405.050	85.323	226732.200	-15764080.000
22.341	0.000	405.050	91.139	193770.700	-14755280.000
22.878	0.000	405.050	97.352	199312.100	-13823620.000
23.403	0.000	405.050	103.987	179010.300	-12935460.000
23.929	0.000	405.050	111.076	172834.500	-12124970.000
24.359	0.000	405.050	118.647	154559.900	-11355120.000
24.840	0.000	405.050	126.735	145376.600	-10632630.000
25.343	0.000	405.050	135.373	133771.800	-9965497.000
25.685	0.000	405.050	144.601	136439.800	-9316583.000
26.034	0.000	405.050	154.458	132636.700	-8742184.000
26.332	0.000	405.050	164.986	107800.300	-8184220.000
26.667	0.000	405.050	176.232	99295.600	-7673580.000
26.995	0.000	405.050	188.245	94622.820	-7183302.000
27.421	0.000	405.050	201.077	87972.100	-6726756.000
27.705	0.000	405.050	214.783	81247.440	-6301813.000
28.043	0.000	405.050	229.423	76296.480	-5901970.000
28.332	0.000	405.050	245.062	68396.390	-5524600.000
28.694	0.000	405.051	261.766	66528.690	-5174354.000
28.964	0.000	405.051	279.609	62423.270	-4849222.000
29.375	0.000	405.051	298.669	55987.710	-4542394.000
29.632	0.000	405.051	319.027	54560.520	-4254096.000
29.976	0.000	405.051	340.773	50022.730	-3984675.000
30.211	0.000	405.051	364.002	46838.480	-3731843.000
30.478	0.000	405.051	388.814	44365.650	-3495143.000
30.850	0.000	405.051	415.317	41342.350	-3273904.000
31.088	0.000	405.050	443.627	38637.290	-3066837.000
31.397	0.000	405.050	473.866	34653.470	-2871054.000
31.628	0.000	405.050	506.167	32757.430	-2689719.000
31.893	0.000	405.050	540.670	30562.980	-2519254.000
32.264	0.000	405.050	577.524	28958.060	-2360085.000
32.541	0.000	405.050	616.890	26914.950	-2210836.000
32.746	0.000	405.050	658.940	25564.120	-2070780.000
33.199	0.000	405.050	703.857	23569.620	-1939424.000
33.451	0.000	405.050	751.834	22064.030	-1816765.000
33.621	0.000	405.050	803.083	20836.170	-1700721.000
33.926	0.000	405.050	857.824	19317.240	-1594086.000
34.157	0.000	405.050	916.297	18258.560	-1492715.000
34.332	0.000	405.050	978.756	17387.410	-1397958.000
35.015	0.000	405.050	1045.472	16103.220	-1309836.000
35.627	0.000	405.050	1116.736	14783.120	-1226929.000
36.121	0.000	405.050	1192.857	14080.570	-1148846.000
36.705	0.000	405.050	1274.167	13146.790	-1076350.000
37.125	0.000	405.050	1361.020	12150.610	-1008221.000
37.715	0.000	405.050	1453.793	11451.430	-944140.700
38.190	0.000	405.049	1552.890	10548.670	-884261.300
38.578	0.000	405.049	1658.741	10177.840	-828449.100
38.933	0.000	405.049	1771.808	9475.340	-775916.800
39.322	0.000	405.049	1892.582	8886.692	-726749.500
39.713	0.000	405.049	2021.589	8272.444	-680737.400
40.029	0.000	405.049	2159.389	7775.463	-637652.900
40.424	0.000	405.049	2306.582	7325.566	-597177.800
40.810	0.000	405.048	2463.808	6943.144	-559387.100
41.247	0.000	405.048	2631.752	6480.783	-523901.000
41.563	0.000	405.048	2811.143	6147.448	-490713.000
41.902	0.000	405.048	3002.763	5704.334	-459625.000
42.357	0.000	405.048	3207.444	5353.738	-430560.800
42.688	0.000	405.048	3426.077	5099.715	-403236.800
42.985	0.000	405.048	3659.613	4797.628	-377681.100
43.284	0.000	405.048	3909.068	4441.237	-353844.500
43.760	0.000	405.047	4175.526	4161.342	-331376.000
44.178	0.000	405.047	4460.148	3929.510	-310418.100
44.665	0.000	405.047	4764.171	3690.218	-290711.700
44.988	0.000	405.047	5088.917	3446.369	-272270.300
45.480	0.000	405.047	5435.799	3269.899	-255101.300
45.842	0.000	405.046	5806.326	3011.153	-238987.300
46.396	0.000	405.046	6202.110	2873.720	-223788.600
46.684	0.000	405.046	6624.872	2654.102	-209673.700
46.931	0.000	405.046	7076.452	2474.491	-196390.900
47.435	0.000	405.046	7558.813	2355.357	-183914.000
47.814	0.000	405.046	8074.054	2139.923	-172270.000
48.226	0.000	405.046	8624.416	2058.664	-161344.800
48.602	0.000	405.046	9212.292	1962.444	-151146.800
48.962	0.000	405.046	9840.241	1884.450	-141639.700
49.241	0.000	405.046	10510.994	1731.494	-132601.100
49.559	0.000	405.046	11227.468	1625.636	-124212.400
49.797	0.000	405.046	11992.780	1543.008	-116342.700
50.125	0.000	405.046	12810.259	1461.645	-108991.800
50.491	0.000	405.046	13683.461	1371.809	-102091.700
50.799	0.000	405.046	14616.184	1294.400	-95632.330
51.303	0.000	405.046	15612.485	1218.714	-89576.340
51.604	0.000	405.046	16676.698	1150.880	-83912.720
51.913	0.000	405.046	17813.453	1076.185	-78592.230
52.229	0.000	405.046	19027.694	1025.357	-73626.980
52.590	0.000	405.046	20324.702	963.735	-68960.080
53.093	0.000	405.046	21710.121	910.081	-64593.650
53.470	0.000	405.046	23189.975	850.376	-60501.150
53.699	0.000	405.046	24770.702	809.952	-56671.990
54.146	0.000	405.046	26459.178	756.848	-53085.170
54.558	0.000	405.046	28262.749	715.602	-49723.310
54.816	0.000	405.046	30189.258	678.840	-46579.560
55.152	0.000	405.045	32247.086	637.177	-43622.740
55.398	0.000	405.045	34445.185	604.718	-40864.110
55.654	0.000	405.045	36793.115	568.891	-38283.060
55.960	0.000	405.045	39301.090	541.351	-35859.140
56.251	0.000	405.045	41980.020	508.701	-33588.860
56.671	0.000	405.046	44841.556	483.998	-31462.810
57.197	0.000	405.046	47898.147	457.731	-29472.880
57.652	0.000	405.046	51163.089	424.172	-27617.380
57.918	0.000	405.046	54650.583	398.825	-25863.570
58.358	0.000	405.046	58375.799	383.124	-24229.800
58.753	0.000	405.046	62354.942	350.351	-22695.540
59.521	0.000	405.046	66605.320	346.354	-21257.570
59.999	0.000	405.046	71145.421	322.479	-19909.670
60.287	0.000	405.046	75994.996	306.600	-18652.590
60.700	0.000	405.046	81175.138	294.181	-17475.100
61.263	0.000	405.046	86708.381	282.519	-16374.580
61.512	0.000	405.046	92618.793	263.617	-15334.140
62.022	0.000	405.046	98932.084	244.716	-14361.210
62.395	0.000	405.046	105675.715	221.346	-13456.770
62.720	0.000	405.045	112879.022	220.670	-12614.130
63.017	0.000	405.045	120573.336	215.105	-11808.500
63.521	0.000	405.045	128792.127	179.810	-11054.470
63.772	0.000	405.045	137571.146	197.280	-10363.880
64.292	0.000	405.045	146948.581	186.674	-9713.754
64.712	0.000	405.045	156965.221	174.380	-9092.367
64.984	0.000	405.044	167664.638	166.602	-8524.633
65.425	0.000	405.044	179093.373	155.827	-7980.715
65.906	0.000	405.044	191301.139	146.101	-7476.877
66.185	0.000	405.043	204341.039	142.349	-7004.157
66.671	0.000	405.043	218269.793	136.273	-6559.592
67.029	0.000	405.043	233147.990	133.563	-6136.318
67.281	0.000	405.043	249040.349	124.995	-5762.797
67.772	0.000	405.043	266015.998	116.755	-5395.143
68.151	0.000	405.043	284148.780	111.825	-5052.592
68.546	0.000	405.043	303517.570	106.437	-4730.324
69.009	0.000	405.042	324206.618	102.443	-4430.043
69.284	0.000	405.042	346305.920	99.169	-4148.756
69.706	0.000	405.042	369911.605	94.377	-3888.200
70.155	0.000	405.042	395126.353	90.494	-3638.484
70.503	0.000	405.042	422059.846	88.048	-3407.063
70.833	0.000	405.042	450829.241	84.217	-3190.636
71.241	0.000	405.042	481559.679	82.626	-2981.832
71.508	0.000	405.042	514384.835	77.758	-2797.252
71.908	0.000	405.042	549447.493	84.199	-2610.759
72.273	0.000	405.042	586900.171	80.885	-2440.390
72.645	0.000	405.042	626905.783	71.179	-2303.129
72.981	0.000	405.042	669638.348	67.341	-2150.572
73.462	0.000	405.042	715283.746	73.318	-2013.661
73.708	0.000	405.042	764040.529	65.010	-1879.023
74.009	0.000	405.042	816120.781	60.889	-1755.371
74.380	0.000	405.042	871751.044	62.811	-1647.056
74.793	0.000	405.042	931173.304	55.662	-1537.817
75.167	0.000	405.042	994646.037	60.353	-1426.016
75.538	0.000	405.042	1062445.341	10.454	-1348.378
75.944	0.000	405.042	1134866.134	15.677	-1254.667
76.404	0.000	405.042	1212223.437	38.928	-1162.007
76.684	0.000	405.042	1294853.743	2.546	-1102.673
77.066	0.000	405.042	1383116.481	24.288	-1027.793
77.529	0.000	405.042	1477395.584	2.716	-961.559
78.008	0.000	405.042	1578101.150	-6.077	-899.668
78.347	0.000	405.042	1685671.237	-3.969	-832.724
78.653	0.000	405.042	1800573.758	8.148	-767.698
79.142	0.000	405.042	1923308.524	-2.488	-728.867
79.620	0.000	405.042	2054409.414	-1.668	-674.164
79.878	0.000	405.042	2194446.698	0.419	-622.140
80.344	0.000	405.042	2344029.518	-0.556	-587.082
80.618	0.000	405.043	2503808.540	-5.478	-538.005
80.909	0.000	405.043	2674478.780	-6.003	-491.769
81.295	0.000	405.043	2856782.629	-3.396	-455.698
81.647	0.000	405.043	3051513.084	-2.498	-420.733
82.048	0.000	405.043	3259517.196	8.115	-378.236
82.332	0.000	405.043	3481699.752	1.652	-344.512
82.856	0.000	405.043	3719027.216	18.175	-301.265
83.138	0.000	405.043	3972531.929	29.388	-294.808
83.553	0.000	405.043	4243316.602	34.271	-293.156
83.842	0.000	405.043	4532559.110	14.673	-266.825
84.204	0.000	405.043	4841517.618	17.053	-237.813
84.559	0.000	405.044	5171536.051	5.935	-214.009
84.976	0.000	405.044	5524049.945	6.373	-189.189
85.327	0.000	405.044	5900592.685	8.200	-169.871
85.662	0.000	405.044	6302802.180	1.139	-149.550
86.049	0.000	405.044	6732427.985	2.823	-123.618
86.371	0.000	405.044	7191338.911	5.244	-105.481
86.806	0.000	405.044	7681531.159	5.869	-87.683
87.237	0.000	405.044	8205136.995	6.254	-71.580
87.523	0.000	405.044	8764434.032	6.164	-53.695
88.012	0.000	405.044	9361855.135	8.081	-37.142
88.287	0.000	405.044	9999999.000	10.067	-23.684
