Time (s)	Light (A)	T (K)	f (Hz)	R (Ohm)	X (Ohm)
2.586	0.000	445.044	20.000	2006502.000	-59514310.000
3.987	0.000	445.045	21.363	1469090.000	-56070220.000
5.297	0.000	445.045	22.819	1286075.000	-52748880.000
6.524	0.000	445.046	24.375	1248578.000	-49361380.000
7.670	0.000	445.046	26.036	1123646.000	-46198660.000
8.761	0.000	445.046	27.811	965451.500	-43261260.000
9.788	0.000	445.046	29.707	987915.300	-40560670.000
10.746	0.000	445.046	31.732	746189.500	-37993240.000
11.658	0.000	445.046	33.895	843494.300	-35488640.000
12.513	0.000	445.046	36.205	754755.800	-33209100.000
13.323	0.000	445.046	38.673	691927.100	-31151860.000
14.275	0.000	445.047	41.309	567949.400	-29221230.000
15.172	0.000	445.047	44.125	434222.400	-27376550.000
16.021	0.000	445.047	47.133	344095.200	-25660950.000
16.823	0.000	445.048	50.346	299228.200	-24021600.000
17.580	0.000	445.048	53.777	296695.500	-22481510.000
18.292	0.000	445.048	57.443	366110.400	-21116880.000
18.963	0.000	445.048	61.359	370406.300	-19785710.000
19.590	0.000	445.048	65.541	320571.600	-18546110.000
20.192	0.000	445.048	70.009	303653.000	-17364940.000
20.755	0.000	445.048	74.781	269606.600	-16253650.000
21.284	0.000	445.048	79.878	261032.900	-15213030.000
21.784	0.000	445.048	85.323	255663.100	-14254760.000
22.266	0.000	445.048	91.139	233437.600	-13359280.000
22.714	0.000	445.048	97.352	202490.200	-12502410.000
23.149	0.000	445.048	103.987	192443.800	-11718760.000
23.557	0.000	445.048	111.076	183251.900	-10987320.000
23.946	0.000	445.048	118.647	169505.900	-10289470.000
24.315	0.000	445.048	126.735	159179.800	-9637657.000
24.666	0.000	445.048	135.373	140021.200	-9027523.000
25.023	0.000	445.048	144.601	130577.700	-8477664.000
25.352	0.000	445.048	154.458	121014.100	-7907191.000
25.662	0.000	445.048	164.986	117364.900	-7420131.000
25.991	0.000	445.048	176.232	110238.600	-6953005.000
26.273	0.000	445.048	188.245	99351.650	-6513280.000
26.574	0.000	445.048	201.077	96420.040	-6102354.000
26.862	0.000	445.048	214.783	88847.850	-5714635.000
27.147	0.000	445.048	229.423	83945.160	-5353787.000
27.403	0.000	445.047	245.062	77330.000	-5009261.000
27.703	0.000	445.047	261.766	69784.580	-4697651.000
27.971	0.000	445.047	279.609	66155.040	-4398772.000
28.277	0.000	445.047	298.669	60954.760	-4119578.000
28.555	0.000	445.047	319.027	58771.870	-3859820.000
28.845	0.000	445.047	340.773	53442.550	-3615387.000
29.093	0.000	445.047	364.002	49803.690	-3386136.000
29.356	0.000	445.047	388.814	46767.110	-3171760.000
29.584	0.000	445.047	415.317	44108.200	-2972217.000
29.828	0.000	445.047	443.627	41879.770	-2783676.000
30.054	0.000	445.046	473.866	37899.610	-2607343.000
30.323	0.000	445.046	506.167	35882.060	-2442232.000
30.574	0.000	445.046	540.670	33751.950	-2287896.000
30.781	0.000	445.046	577.524	31095.920	-2143032.000
31.033	0.000	445.046	616.890	29528.660	-2007189.000
31.275	0.000	445.046	658.940	27441.370	-1880244.000
31.469	0.000	445.046	703.857	26173.600	-1761585.000
31.700	0.000	445.046	751.834	24532.730	-1650425.000
31.923	0.000	445.046	803.083	22219.450	-1546061.000
32.131	0.000	445.046	857.824	21449.170	-1447891.000
32.362	0.000	445.046	916.297	19724.210	-1356681.000
32.610	0.000	445.046	978.756	18423.390	-1270940.000
33.159	0.000	445.046	1045.472	17435.610	-1190852.000
33.661	0.000	445.046	1116.736	16302.920	-1115142.000
34.143	0.000	445.046	1192.857	15257.160	-1044574.000
34.591	0.000	445.046	1274.167	14436.120	-978539.200
35.010	0.000	445.046	1361.020	13561.580	-916748.600
35.422	0.000	445.046	1453.793	12651.810	-858768.500
35.813	0.000	445.046	1552.890	11651.670	-804510.300
36.182	0.000	445.046	1658.741	11038.760	-753603.500
36.575	0.000	445.046	1771.808	10383.430	-705973.700
36.933	0.000	445.046	1892.582	9653.298	-661352.200
37.293	0.000	445.046	2021.589	9001.282	-619448.000
37.642	0.000	445.046	2159.389	8454.763	-580253.500
37.977	0.000	445.046	2306.582	7936.275	-543586.300
38.324	0.000	445.046	2463.808	7531.596	-509197.800
38.632	0.000	445.045	2631.752	7009.301	-476989.200
38.971	0.000	445.045	2811.143	6485.785	-446801.400
39.244	0.000	445.045	3002.763	6130.782	-418607.700
39.560	0.000	445.045	3207.444	5771.369	-392125.300
39.792	0.000	445.045	3426.077	5346.246	-367385.700
40.086	0.000	445.045	3659.613	5067.473	-344065.500
40.366	0.000	445.044	3909.068	4726.908	-322393.200
40.723	0.000	445.044	4175.526	4442.129	-301962.500
41.067	0.000	445.044	4460.148	4126.808	-282878.100
41.436	0.000	445.044	4764.171	3910.969	-265015.900
41.755	0.000	445.044	5088.917	3609.524	-248175.200
42.054	0.000	445.044	5435.799	3392.871	-232596.800
42.345	0.000	445.044	5806.326	3264.043	-217881.600
42.662	0.000	445.044	6202.110	3007.471	-204001.400
42.926	0.000	445.044	6624.872	2827.955	-191186.900
43.216	0.000	445.044	7076.452	2656.561	-178998.300
43.480	0.000	445.044	7558.813	2446.972	-167711.200
43.763	0.000	445.044	8074.054	2308.708	-157099.500
44.056	0.000	445.044	8624.416	2128.597	-147156.400
44.320	0.000	445.044	9212.292	1987.600	-137838.300
44.579	0.000	445.044	9840.241	1861.347	-129127.400
44.863	0.000	445.044	10510.994	1793.123	-120969.300
45.105	0.000	445.044	11227.468	1687.406	-113296.700
45.366	0.000	445.044	11992.780	1561.732	-106136.200
45.665	0.000	445.044	12810.259	1472.045	-99436.260
45.932	0.000	445.044	13683.461	1391.690	-93153.960
46.202	0.000	445.044	14616.184	1304.258	-87260.730
46.496	0.000	445.044	15612.485	1219.039	-81734.330
46.781	0.000	445.044	16676.698	1154.865	-76580.430
47.109	0.000	445.044	17813.453	1082.134	-71733.360
47.375	0.000	445.044	19027.694	1015.842	-67203.550
47.646	0.000	445.044	20324.702	954.039	-62956.460
47.965	0.000	445.044	21710.121	886.072	-58974.360
48.228	0.000	445.044	23189.975	846.111	-55246.770
48.472	0.000	445.044	24770.702	788.727	-51746.800
48.726	0.000	445.044	26459.178	743.582	-48478.830
48.979	0.000	445.044	28262.749	701.280	-45409.440
49.263	0.000	445.044	30189.258	657.120	-42526.040
49.527	0.000	445.044	32247.086	616.547	-39847.780
49.776	0.000	445.044	34445.185	581.676	-37326.980
50.096	0.000	445.044	36793.115	544.772	-34964.180
50.374	0.000	445.044	39301.090	514.203	-32748.530
50.644	0.000	445.044	41980.020	481.837	-30675.350
51.028	0.000	445.044	44841.556	453.485	-28735.610
51.429	0.000	445.044	47898.147	429.596	-26924.660
51.861	0.000	445.043	51163.089	399.777	-25218.250
52.178	0.000	445.043	54650.583	377.102	-23622.650
52.550	0.000	445.043	58375.799	355.896	-22134.160
52.812	0.000	445.043	62354.942	357.188	-20724.680
53.249	0.000	445.043	66605.320	316.091	-19424.600
53.614	0.000	445.043	71145.421	297.075	-18187.850
53.873	0.000	445.043	75994.996	280.249	-17043.050
54.137	0.000	445.043	81175.138	265.362	-15959.210
54.444	0.000	445.043	86708.381	254.739	-14948.920
54.707	0.000	445.044	92618.793	236.670	-14011.190
55.016	0.000	445.044	98932.084	219.404	-13116.380
55.335	0.000	445.044	105675.715	195.287	-12287.640
55.605	0.000	445.044	112879.022	201.582	-11518.410
55.855	0.000	445.044	120573.336	191.152	-10795.370
56.213	0.000	445.044	128792.127	193.995	-10093.390
56.497	0.000	445.044	137571.146	170.983	-9468.670
56.917	0.000	445.044	146948.581	164.452	-8865.087
57.172	0.000	445.044	156965.221	151.712	-8309.839
57.449	0.000	445.044	167664.638	146.063	-7784.756
57.721	0.000	445.044	179093.373	141.381	-7290.446
58.088	0.000	445.044	191301.139	130.070	-6829.869
58.398	0.000	445.044	204341.039	124.293	-6398.392
58.669	0.000	445.044	218269.793	117.956	-5993.982
59.075	0.000	445.044	233147.990	114.001	-5607.448
59.357	0.000	445.044	249040.349	109.042	-5255.474
59.667	0.000	445.045	266015.998	104.066	-4927.193
59.942	0.000	445.045	284148.780	98.690	-4615.091
60.256	0.000	445.045	303517.570	93.229	-4320.389
60.731	0.000	445.045	324206.618	90.413	-4045.551
61.023	0.000	445.045	346305.920	89.110	-3784.964
61.324	0.000	445.045	369911.605	81.462	-3549.698
61.621	0.000	445.046	395126.353	77.063	-3323.912
61.887	0.000	445.046	422059.846	73.633	-3110.663
62.216	0.000	445.046	450829.241	73.349	-2913.495
62.523	0.000	445.046	481559.679	69.321	-2725.101
62.788	0.000	445.046	514384.835	67.196	-2554.565
63.095	0.000	445.046	549447.493	73.616	-2388.439
63.352	0.000	445.046	586900.171	63.343	-2235.073
63.608	0.000	445.046	626905.783	63.642	-2091.776
63.982	0.000	445.046	669638.348	68.219	-1977.070
64.275	0.000	445.046	715283.746	59.280	-1841.816
64.545	0.000	445.046	764040.529	52.694	-1725.287
64.842	0.000	445.046	816120.781	53.788	-1608.487
65.166	0.000	445.046	871751.044	49.954	-1506.236
65.423	0.000	445.046	931173.304	48.156	-1406.070
65.704	0.000	445.046	994646.037	48.252	-1314.914
65.985	0.000	445.046	1062445.341	2.067	-1229.458
66.280	0.000	445.046	1134866.134	1.788	-1139.748
66.704	0.000	445.046	1212223.437	13.761	-1067.698
66.971	0.000	445.046	1294853.743	8.585	-1008.127
67.289	0.000	445.046	1383116.481	1.754	-946.517
67.776	0.000	445.046	1477395.584	-2.889	-877.936
68.206	0.000	445.046	1578101.150	-4.607	-817.333
68.556	0.000	445.046	1685671.237	-3.323	-763.300
68.877	0.000	445.046	1800573.758	-7.210	-707.258
69.252	0.000	445.045	1923308.524	-7.731	-656.120
69.577	0.000	445.045	2054409.414	-3.039	-609.991
69.842	0.000	445.045	2194446.698	-7.056	-565.625
70.153	0.000	445.045	2344029.518	-8.612	-525.595
70.427	0.000	445.045	2503808.540	-1.983	-487.928
70.729	0.000	445.045	2674478.780	-5.929	-451.905
71.150	0.000	445.044	2856782.629	-6.950	-414.244
71.429	0.000	445.044	3051513.084	-9.232	-380.300
71.725	0.000	445.044	3259517.196	-4.786	-344.315
72.018	0.000	445.044	3481699.752	0.545	-310.930
72.342	0.000	445.044	3719027.216	1.023	-280.556
72.645	0.000	445.044	3972531.929	16.286	-250.478
73.003	0.000	445.044	4243316.602	13.751	-258.978
73.265	0.000	445.044	4532559.110	11.172	-229.213
73.578	0.000	445.044	4841517.618	3.595	-212.641
73.855	0.000	445.044	5171536.051	2.744	-184.319
74.311	0.000	445.044	5524049.945	1.435	-161.642
74.604	0.000	445.044	5900592.685	-1.230	-143.770
74.928	0.000	445.044	6302802.180	2.367	-119.927
75.246	0.000	445.044	6732427.985	2.716	-104.356
75.533	0.000	445.044	7191338.911	2.700	-87.193
75.826	0.000	445.044	7681531.159	6.052	-68.173
76.123	0.000	445.044	8205136.995	7.678	-55.307
76.434	0.000	445.044	8764434.032	6.842	-39.850
76.798	0.000	445.044	9361855.135	8.055	-24.359
77.084	0.000	445.044	9999999.000	10.425	-12.437
