Time (s)	Light (A)	T (K)	f (Hz)	R (Ohm)	X (Ohm)
1.473	0.000	369.369	20.000	-223224.700	-52685330.000
2.856	0.000	369.349	21.363	1552928.000	-51663060.000
4.179	0.000	369.330	22.819	1411199.000	-48250470.000
5.400	0.000	369.312	24.375	1220272.000	-45173780.000
6.548	0.000	369.296	26.036	1067046.000	-42342380.000
7.626	0.000	369.280	27.811	1010313.000	-39647200.000
8.639	0.000	369.267	29.707	972558.600	-37096760.000
9.591	0.000	369.253	31.732	906039.600	-34753390.000
10.488	0.000	369.241	33.895	784920.400	-32686230.000
11.332	0.000	369.229	36.205	671404.800	-30531420.000
12.133	0.000	369.218	38.673	641812.000	-28682650.000
13.078	0.000	369.204	41.309	584502.700	-26817990.000
13.974	0.000	369.193	44.125	484857.700	-25117400.000
14.809	0.000	369.181	47.133	408674.500	-23493570.000
15.595	0.000	369.171	50.346	317313.700	-21974900.000
16.335	0.000	369.160	53.777	365424.000	-20618450.000
17.031	0.000	369.151	57.443	390098.900	-19375330.000
17.689	0.000	369.142	61.359	370966.400	-18151400.000
18.306	0.000	369.133	65.541	347561.400	-16998140.000
18.892	0.000	369.125	70.009	333656.700	-15955780.000
19.447	0.000	369.117	74.781	301119.500	-14940640.000
19.998	0.000	369.110	79.878	304289.400	-13987590.000
20.500	0.000	369.103	85.323	265402.900	-13108080.000
20.968	0.000	369.098	91.139	254141.500	-12277300.000
21.408	0.000	369.091	97.352	242050.000	-11512290.000
21.827	0.000	369.086	103.987	226721.400	-10780260.000
22.241	0.000	369.080	111.076	206376.500	-10096750.000
22.630	0.000	369.075	118.647	187073.500	-9460943.000
22.992	0.000	369.071	126.735	177152.300	-8861498.000
23.418	0.000	369.066	135.373	165427.200	-8301628.000
23.782	0.000	369.062	144.601	151459.700	-7795807.000
24.133	0.000	369.057	154.458	133619.300	-7305508.000
24.450	0.000	369.053	164.986	130943.200	-6829902.000
24.748	0.000	369.050	176.232	126132.100	-6399315.000
25.046	0.000	369.046	188.245	115137.400	-5997380.000
25.340	0.000	369.041	201.077	107961.700	-5617692.000
25.692	0.000	369.038	214.783	100781.300	-5263575.000
25.955	0.000	369.035	229.423	93428.910	-4930333.000
26.226	0.000	369.032	245.062	90226.940	-4620633.000
26.510	0.000	369.028	261.766	83107.310	-4327847.000
26.750	0.000	369.025	279.609	76403.870	-4052959.000
27.010	0.000	369.022	298.669	69871.680	-3797920.000
27.241	0.000	369.019	319.027	65676.260	-3558659.000
27.545	0.000	369.016	340.773	61190.540	-3334182.000
27.814	0.000	369.012	364.002	56814.720	-3122552.000
28.028	0.000	369.010	388.814	53466.520	-2926267.000
28.288	0.000	369.008	415.317	49180.590	-2741488.000
28.551	0.000	369.004	443.627	46124.410	-2568376.000
28.782	0.000	369.001	473.866	43934.410	-2406183.000
29.016	0.000	368.998	506.167	40963.860	-2253765.000
29.306	0.000	368.995	540.670	37688.970	-2111783.000
29.511	0.000	368.993	577.524	34925.910	-1978417.000
29.748	0.000	368.991	616.890	32701.780	-1853453.000
29.942	0.000	368.988	658.940	30726.390	-1736799.000
30.152	0.000	368.986	703.857	28829.080	-1627309.000
30.339	0.000	368.984	751.834	26592.940	-1524093.000
30.541	0.000	368.982	803.083	24570.940	-1428142.000
30.780	0.000	368.980	857.824	23366.190	-1337682.000
30.977	0.000	368.977	916.297	21647.270	-1253019.000
31.172	0.000	368.976	978.756	20045.420	-1173918.000
31.765	0.000	368.970	1045.472	18726.920	-1100050.000
32.250	0.000	368.964	1116.736	17571.710	-1030609.000
32.746	0.000	368.959	1192.857	16381.540	-965562.300
33.185	0.000	368.955	1274.167	15128.830	-904668.500
33.669	0.000	368.952	1361.020	14294.320	-847394.700
34.073	0.000	368.948	1453.793	13200.000	-793830.100
34.455	0.000	368.944	1552.890	12383.820	-743920.900
34.894	0.000	368.942	1658.741	11654.830	-696755.400
35.333	0.000	368.938	1771.808	10831.490	-652827.600
35.745	0.000	368.935	1892.582	10131.190	-611518.100
36.173	0.000	368.933	2021.589	9416.048	-572973.700
36.500	0.000	368.930	2159.389	8857.863	-536738.100
36.902	0.000	368.927	2306.582	8335.197	-502814.700
37.225	0.000	368.925	2463.808	7847.550	-470990.100
37.604	0.000	368.923	2631.752	7272.512	-441255.000
37.886	0.000	368.921	2811.143	6819.759	-413364.300
38.152	0.000	368.920	3002.763	6381.374	-387205.200
38.474	0.000	368.918	3207.444	5980.088	-362826.800
38.730	0.000	368.916	3426.077	5555.191	-339852.000
39.006	0.000	368.915	3659.613	5231.721	-318351.100
39.260	0.000	368.914	3909.068	4918.791	-298203.300
39.613	0.000	368.913	4175.526	4616.542	-279370.900
40.009	0.000	368.911	4460.148	4327.915	-261766.300
40.403	0.000	368.909	4764.171	4038.909	-245233.900
40.836	0.000	368.907	5088.917	3723.600	-229742.500
41.161	0.000	368.906	5435.799	3478.500	-215237.400
41.444	0.000	368.905	5806.326	3354.814	-201709.200
41.734	0.000	368.904	6202.110	3128.330	-188900.800
42.010	0.000	368.903	6624.872	2884.232	-176977.800
42.269	0.000	368.903	7076.452	2707.474	-165704.100
42.529	0.000	368.902	7558.813	2553.571	-155288.200
42.871	0.000	368.901	8074.054	2375.429	-145496.200
43.147	0.000	368.900	8624.416	2281.618	-136285.300
43.437	0.000	368.900	9212.292	2169.642	-127643.100
43.706	0.000	368.899	9840.241	2013.773	-119636.800
44.026	0.000	368.899	10510.994	1875.689	-112051.300
44.342	0.000	368.898	11227.468	1752.285	-104983.100
44.600	0.000	368.898	11992.780	1683.553	-98326.750
44.874	0.000	368.898	12810.259	1568.449	-92109.010
45.116	0.000	368.897	13683.461	1466.477	-86316.730
45.417	0.000	368.897	14616.184	1395.604	-80879.940
45.704	0.000	368.897	15612.485	1308.331	-75756.720
46.000	0.000	368.897	16676.698	1233.845	-70975.440
46.246	0.000	368.897	17813.453	1167.644	-66496.950
46.524	0.000	368.897	19027.694	1099.874	-62292.980
46.820	0.000	368.897	20324.702	1037.195	-58359.160
47.041	0.000	368.897	21710.121	953.513	-54691.430
47.323	0.000	368.897	23189.975	931.183	-51239.660
47.614	0.000	368.897	24770.702	860.545	-47994.940
47.936	0.000	368.897	26459.178	811.730	-44957.370
48.272	0.000	368.898	28262.749	761.457	-42129.090
48.548	0.000	368.898	30189.258	713.771	-39467.380
48.820	0.000	368.899	32247.086	673.393	-36973.770
49.080	0.000	368.899	34445.185	645.313	-34636.290
49.324	0.000	368.900	36793.115	601.037	-32448.800
49.591	0.000	368.900	39301.090	562.930	-30403.800
49.888	0.000	368.901	41980.020	533.800	-28482.770
50.257	0.000	368.902	44841.556	508.905	-26684.130
50.731	0.000	368.904	47898.147	474.199	-25002.520
51.125	0.000	368.906	51163.089	440.605	-23423.730
51.408	0.000	368.906	54650.583	420.375	-21945.520
51.815	0.000	368.908	58375.799	392.810	-20563.110
52.115	0.000	368.909	62354.942	386.460	-19264.380
52.630	0.000	368.910	66605.320	353.174	-18046.830
52.941	0.000	368.912	71145.421	333.058	-16909.410
53.185	0.000	368.912	75994.996	316.653	-15844.820
53.474	0.000	368.914	81175.138	303.047	-14838.000
53.797	0.000	368.915	86708.381	276.001	-13908.790
54.075	0.000	368.916	92618.793	262.170	-13030.680
54.368	0.000	368.917	98932.084	249.874	-12208.560
54.679	0.000	368.918	105675.715	240.758	-11428.820
54.938	0.000	368.920	112879.022	220.117	-10723.020
55.201	0.000	368.921	120573.336	212.011	-10049.330
55.539	0.000	368.923	128792.127	176.698	-9425.167
55.802	0.000	368.924	137571.146	192.201	-8815.860
56.140	0.000	368.926	146948.581	179.590	-8259.908
56.395	0.000	368.928	156965.221	169.083	-7740.554
56.685	0.000	368.929	167664.638	163.694	-7250.226
56.935	0.000	368.931	179093.373	155.536	-6792.879
57.261	0.000	368.933	191301.139	144.886	-6364.208
57.590	0.000	368.934	204341.039	138.142	-5962.373
57.940	0.000	368.936	218269.793	133.430	-5586.823
58.319	0.000	368.938	233147.990	124.903	-5246.102
58.638	0.000	368.940	249040.349	120.153	-4902.981
58.990	0.000	368.943	266015.998	115.581	-4596.169
59.247	0.000	368.945	284148.780	108.768	-4303.996
59.530	0.000	368.946	303517.570	102.765	-4032.335
59.925	0.000	368.949	324206.618	97.849	-3777.728
60.309	0.000	368.950	346305.920	93.619	-3539.069
60.681	0.000	368.952	369911.605	89.507	-3313.514
60.942	0.000	368.954	395126.353	85.475	-3105.567
61.321	0.000	368.957	422059.846	81.889	-2908.214
61.691	0.000	368.959	450829.241	78.000	-2724.304
61.982	0.000	368.962	481559.679	75.009	-2551.523
62.234	0.000	368.963	514384.835	71.790	-2389.386
62.611	0.000	368.965	549447.493	69.130	-2237.941
62.904	0.000	368.967	586900.171	66.115	-2096.393
63.206	0.000	368.969	626905.783	63.366	-1962.357
63.576	0.000	368.972	669638.348	61.072	-1836.992
63.851	0.000	368.974	715283.746	58.746	-1718.118
64.206	0.000	368.976	764040.529	59.207	-1612.860
64.550	0.000	368.979	816120.781	54.685	-1508.522
64.853	0.000	368.981	871751.044	52.183	-1411.353
65.210	0.000	368.982	931173.304	51.159	-1320.962
65.473	0.000	368.985	994646.037	48.620	-1234.817
65.890	0.000	368.987	1062445.341	4.502	-1149.515
66.150	0.000	368.989	1134866.134	7.708	-1074.080
66.626	0.000	368.992	1212223.437	1.480	-1006.368
66.901	0.000	368.994	1294853.743	0.606	-940.056
67.210	0.000	368.996	1383116.481	-1.663	-878.258
67.606	0.000	368.999	1477395.584	-2.259	-819.845
68.032	0.000	369.001	1578101.150	-3.684	-764.898
68.274	0.000	369.003	1685671.237	-4.476	-712.707
68.537	0.000	369.004	1800573.758	-4.925	-664.358
68.934	0.000	369.007	1923308.524	-5.966	-618.101
69.229	0.000	369.008	2054409.414	-6.532	-575.078
69.490	0.000	369.010	2194446.698	-6.205	-533.987
69.818	0.000	369.011	2344029.518	-7.606	-495.888
70.121	0.000	369.013	2503808.540	-7.931	-459.424
70.544	0.000	369.014	2674478.780	-8.266	-425.099
70.956	0.000	369.017	2856782.629	-8.466	-392.347
71.282	0.000	369.019	3051513.084	-8.485	-361.679
71.549	0.000	369.021	3259517.196	-8.635	-332.348
71.941	0.000	369.022	3481699.752	-8.451	-304.044
72.308	0.000	369.024	3719027.216	-7.499	-278.076
72.633	0.000	369.026	3972531.929	-7.244	-253.231
72.923	0.000	369.027	4243316.602	-7.317	-230.165
73.352	0.000	369.029	4532559.110	-7.417	-207.022
73.658	0.000	369.031	4841517.618	-6.702	-184.986
74.016	0.000	369.032	5171536.051	-6.271	-163.997
74.432	0.000	369.035	5524049.945	-5.391	-143.892
74.786	0.000	369.036	5900592.685	-4.237	-124.602
75.081	0.000	369.038	6302802.180	-3.096	-106.553
75.409	0.000	369.039	6732427.985	-1.886	-89.039
75.735	0.000	369.040	7191338.911	-0.172	-72.297
76.061	0.000	369.042	7681531.159	1.384	-56.895
76.435	0.000	369.043	8205136.995	3.112	-42.078
76.772	0.000	369.045	8764434.032	4.977	-28.200
77.094	0.000	369.046	9361855.135	7.020	-15.327
77.465	0.000	369.047	9999999.000	9.240	-3.635
