Time (s)	Light (A)	T (K)	f (Hz)	R (Ohm)	X (Ohm)
1.474	0.000	373.368	20.000	3513240.000	-52780160.000
2.855	0.000	373.348	21.363	1370215.000	-51213990.000
4.154	0.000	373.330	22.819	1432186.000	-47933090.000
5.374	0.000	373.313	24.375	1239812.000	-44841870.000
6.519	0.000	373.296	26.036	1071030.000	-41950620.000
7.597	0.000	373.282	27.811	945125.100	-39411980.000
8.612	0.000	373.267	29.707	826642.400	-36865990.000
9.566	0.000	373.255	31.732	810573.300	-34478560.000
10.485	0.000	373.241	33.895	723757.700	-32317520.000
11.328	0.000	373.230	36.205	811021.900	-30316550.000
12.128	0.000	373.219	38.673	669456.800	-28315220.000
13.071	0.000	373.207	41.309	543366.600	-26587740.000
13.956	0.000	373.194	44.125	467837.000	-24919160.000
14.792	0.000	373.183	47.133	343770.600	-23278930.000
15.578	0.000	373.172	50.346	290012.500	-21870900.000
16.317	0.000	373.162	53.777	316086.500	-20464870.000
17.012	0.000	373.152	57.443	367326.300	-19222040.000
17.669	0.000	373.143	61.359	389926.000	-18027030.000
18.289	0.000	373.135	65.541	350872.400	-16873090.000
18.875	0.000	373.127	70.009	333208.600	-15817980.000
19.438	0.000	373.120	74.781	310443.400	-14827060.000
19.961	0.000	373.112	79.878	285322.000	-13879580.000
20.462	0.000	373.106	85.323	269801.200	-13002150.000
20.928	0.000	373.099	91.139	251395.700	-12181380.000
21.367	0.000	373.094	97.352	233835.800	-11420140.000
21.803	0.000	373.088	103.987	220743.200	-10691610.000
22.214	0.000	373.083	111.076	196379.800	-10014260.000
22.590	0.000	373.077	118.647	183690.300	-9384926.000
22.970	0.000	373.072	126.735	172710.000	-8794153.000
23.335	0.000	373.067	135.373	168589.100	-8237721.000
23.703	0.000	373.063	144.601	149862.900	-7730312.000
24.044	0.000	373.058	154.458	134212.700	-7242390.000
24.373	0.000	373.054	164.986	132200.000	-6775355.000
24.693	0.000	373.050	176.232	122721.500	-6347754.000
25.001	0.000	373.046	188.245	113699.800	-5944681.000
25.324	0.000	373.041	201.077	109580.300	-5571405.000
25.649	0.000	373.037	214.783	99383.470	-5219612.000
25.927	0.000	373.033	229.423	94137.560	-4890133.000
26.189	0.000	373.030	245.062	84445.320	-4581238.000
26.485	0.000	373.027	261.766	79399.810	-4289865.000
26.761	0.000	373.023	279.609	75542.220	-4021424.000
27.095	0.000	373.020	298.669	69670.620	-3766794.000
27.353	0.000	373.016	319.027	66236.290	-3528414.000
27.643	0.000	373.012	340.773	61845.510	-3305827.000
27.878	0.000	373.008	364.002	57828.180	-3097254.000
28.194	0.000	373.005	388.814	54089.560	-2901539.000
28.492	0.000	373.001	415.317	50468.450	-2719549.000
28.710	0.000	372.998	443.627	47417.910	-2547460.000
28.955	0.000	372.995	473.866	43579.590	-2387016.000
29.151	0.000	372.993	506.167	40365.350	-2235563.000
29.362	0.000	372.990	540.670	37714.390	-2094733.000
29.570	0.000	372.988	577.524	35940.700	-1962953.000
29.778	0.000	372.985	616.890	33482.000	-1839088.000
29.984	0.000	372.983	658.940	31506.410	-1722878.000
30.178	0.000	372.980	703.857	29417.590	-1614102.000
30.392	0.000	372.978	751.834	26840.870	-1512050.000
30.593	0.000	372.976	803.083	25420.600	-1417017.000
30.803	0.000	372.974	857.824	23724.850	-1327008.000
31.046	0.000	372.971	916.297	22048.830	-1243213.000
31.252	0.000	372.968	978.756	20401.150	-1164609.000
31.769	0.000	372.962	1045.472	19158.310	-1091430.000
32.268	0.000	372.956	1116.736	17984.410	-1022646.000
32.731	0.000	372.951	1192.857	16725.690	-958063.700
33.166	0.000	372.946	1274.167	15650.210	-897505.700
33.586	0.000	372.942	1361.020	14561.520	-841013.200
33.985	0.000	372.938	1453.793	13614.050	-787851.300
34.414	0.000	372.934	1552.890	12747.490	-738124.800
34.851	0.000	372.930	1658.741	11938.450	-691522.100
35.283	0.000	372.925	1771.808	11224.320	-647870.600
35.709	0.000	372.922	1892.582	10396.760	-606981.900
36.136	0.000	372.918	2021.589	9744.384	-568649.300
36.501	0.000	372.914	2159.389	9090.936	-532738.900
36.820	0.000	372.911	2306.582	8587.519	-499173.900
37.198	0.000	372.908	2463.808	7961.554	-467550.700
37.625	0.000	372.903	2631.752	7479.048	-438063.900
37.902	0.000	372.900	2811.143	6987.695	-410361.900
38.228	0.000	372.897	3002.763	6553.337	-384411.700
38.503	0.000	372.894	3207.444	6171.622	-360093.900
38.752	0.000	372.892	3426.077	5777.993	-337357.900
38.984	0.000	372.890	3659.613	5458.366	-316100.500
39.235	0.000	372.888	3909.068	5027.849	-296137.800
39.626	0.000	372.885	4175.526	4704.871	-277463.700
39.951	0.000	372.882	4460.148	4436.070	-259889.900
40.281	0.000	372.880	4764.171	4163.884	-243512.300
40.580	0.000	372.878	5088.917	3846.234	-228143.000
40.856	0.000	372.875	5435.799	3601.705	-213679.200
41.262	0.000	372.873	5806.326	3394.880	-200281.400
41.549	0.000	372.870	6202.110	3173.397	-187541.300
41.848	0.000	372.869	6624.872	3011.356	-175693.600
42.094	0.000	372.866	7076.452	2726.850	-164628.800
42.385	0.000	372.865	7558.813	2620.004	-154198.600
42.733	0.000	372.863	8074.054	2441.004	-144477.000
43.119	0.000	372.861	8624.416	2294.316	-135375.000
43.383	0.000	372.859	9212.292	2205.262	-126789.800
43.703	0.000	372.857	9840.241	2080.201	-118824.200
43.923	0.000	372.856	10510.994	1906.850	-111287.300
44.176	0.000	372.854	11227.468	1791.473	-104251.700
44.446	0.000	372.853	11992.780	1698.178	-97676.620
44.777	0.000	372.851	12810.259	1592.810	-91517.710
45.123	0.000	372.850	13683.461	1497.478	-85728.600
45.415	0.000	372.848	14616.184	1418.746	-80326.790
45.663	0.000	372.847	15612.485	1335.526	-75248.990
45.963	0.000	372.846	16676.698	1259.803	-70497.850
46.237	0.000	372.845	17813.453	1175.168	-66054.760
46.458	0.000	372.843	19027.694	1112.058	-61881.920
46.753	0.000	372.842	20324.702	1045.238	-57971.320
46.975	0.000	372.841	21710.121	980.314	-54309.750
47.291	0.000	372.841	23189.975	916.246	-50885.250
47.556	0.000	372.839	24770.702	870.693	-47677.260
47.794	0.000	372.839	26459.178	820.917	-44657.330
48.063	0.000	372.838	28262.749	769.545	-41841.670
48.347	0.000	372.838	30189.258	724.286	-39197.840
48.606	0.000	372.837	32247.086	679.935	-36727.320
48.820	0.000	372.837	34445.185	639.640	-34412.350
49.089	0.000	372.836	36793.115	605.376	-32235.640
49.337	0.000	372.836	39301.090	570.443	-30204.850
49.607	0.000	372.836	41980.020	538.099	-28293.290
50.057	0.000	372.836	44841.556	511.442	-26509.910
50.550	0.000	372.836	47898.147	480.410	-24837.770
50.999	0.000	372.835	51163.089	451.255	-23263.810
51.315	0.000	372.835	54650.583	423.815	-21803.980
51.745	0.000	372.835	58375.799	393.418	-20424.610
52.037	0.000	372.835	62354.942	380.100	-19116.670
52.525	0.000	372.836	66605.320	355.054	-17933.430
52.837	0.000	372.836	71145.421	337.984	-16799.600
53.137	0.000	372.836	75994.996	321.137	-15737.730
53.523	0.000	372.836	81175.138	303.920	-14748.810
53.832	0.000	372.837	86708.381	284.256	-13817.550
54.127	0.000	372.838	92618.793	269.133	-12949.720
54.397	0.000	372.838	98932.084	252.037	-12128.710
54.708	0.000	372.839	105675.715	247.167	-11376.630
54.978	0.000	372.840	112879.022	224.643	-10653.760
55.221	0.000	372.840	120573.336	216.819	-9983.810
55.563	0.000	372.841	128792.127	218.707	-9347.176
55.865	0.000	372.842	137571.146	188.126	-8760.847
56.212	0.000	372.842	146948.581	179.051	-8205.552
56.607	0.000	372.843	156965.221	172.115	-7690.925
56.945	0.000	372.844	167664.638	160.660	-7203.952
57.252	0.000	372.846	179093.373	154.112	-6748.684
57.612	0.000	372.847	191301.139	144.968	-6324.475
57.914	0.000	372.848	204341.039	140.227	-5923.535
58.192	0.000	372.849	218269.793	131.792	-5549.448
58.489	0.000	372.851	233147.990	134.219	-5205.448
58.767	0.000	372.851	249040.349	120.253	-4871.215
59.095	0.000	372.853	266015.998	114.727	-4564.629
59.348	0.000	372.854	284148.780	108.163	-4276.425
59.665	0.000	372.855	303517.570	102.444	-4006.758
60.050	0.000	372.857	324206.618	98.133	-3752.373
60.296	0.000	372.858	346305.920	93.010	-3514.993
60.580	0.000	372.859	369911.605	89.445	-3292.560
60.886	0.000	372.861	395126.353	85.799	-3084.425
61.164	0.000	372.862	422059.846	81.546	-2889.515
61.475	0.000	372.863	450829.241	77.573	-2706.225
61.787	0.000	372.865	481559.679	73.798	-2534.727
62.060	0.000	372.866	514384.835	71.934	-2374.070
62.311	0.000	372.868	549447.493	68.705	-2223.866
62.613	0.000	372.869	586900.171	65.378	-2082.515
62.920	0.000	372.870	626905.783	62.298	-1949.912
63.256	0.000	372.872	669638.348	60.756	-1825.173
63.552	0.000	372.873	715283.746	58.185	-1707.759
63.889	0.000	372.875	764040.529	58.354	-1596.096
64.196	0.000	372.876	816120.781	54.632	-1498.970
64.529	0.000	372.878	871751.044	52.182	-1402.531
64.843	0.000	372.880	931173.304	51.122	-1311.770
65.182	0.000	372.882	994646.037	48.251	-1226.839
65.473	0.000	372.884	1062445.341	4.327	-1141.858
65.723	0.000	372.885	1134866.134	4.836	-1066.684
66.166	0.000	372.887	1212223.437	1.127	-1000.264
66.458	0.000	372.889	1294853.743	0.166	-933.581
66.764	0.000	372.891	1383116.481	-1.586	-872.525
67.213	0.000	372.892	1477395.584	-2.456	-813.958
67.690	0.000	372.895	1578101.150	-3.237	-759.655
68.071	0.000	372.896	1685671.237	-4.455	-707.826
68.421	0.000	372.899	1800573.758	-4.959	-659.670
68.781	0.000	372.901	1923308.524	-6.115	-613.971
69.088	0.000	372.902	2054409.414	-6.661	-571.349
69.385	0.000	372.904	2194446.698	-6.855	-530.396
69.782	0.000	372.906	2344029.518	-7.783	-492.498
70.076	0.000	372.908	2503808.540	-8.064	-456.251
70.419	0.000	372.909	2674478.780	-8.328	-422.140
70.907	0.000	372.912	2856782.629	-8.538	-389.526
71.199	0.000	372.914	3051513.084	-8.433	-358.773
71.538	0.000	372.916	3259517.196	-8.442	-329.852
71.844	0.000	372.917	3481699.752	-8.541	-301.945
72.208	0.000	372.919	3719027.216	-7.443	-275.808
72.515	0.000	372.921	3972531.929	-7.413	-251.080
72.827	0.000	372.923	4243316.602	-6.968	-228.367
73.122	0.000	372.924	4532559.110	-7.361	-205.310
73.383	0.000	372.926	4841517.618	-6.734	-183.332
73.688	0.000	372.927	5171536.051	-6.167	-162.465
74.159	0.000	372.929	5524049.945	-5.275	-142.533
74.457	0.000	372.931	5900592.685	-4.228	-123.365
74.749	0.000	372.932	6302802.180	-2.993	-105.287
75.091	0.000	372.934	6732427.985	-1.809	-88.017
75.480	0.000	372.935	7191338.911	-0.196	-71.333
75.759	0.000	372.937	7681531.159	1.497	-56.046
76.138	0.000	372.939	8205136.995	3.196	-41.319
76.465	0.000	372.940	8764434.032	5.077	-27.508
76.796	0.000	372.942	9361855.135	7.104	-14.729
77.088	0.000	372.943	9999999.000	9.316	-3.100
