Time (s)	Light (A)	T (K)	f (Hz)	R (Ohm)	X (Ohm)
1.472	0.000	385.373	20.000	2560514.000	-55388800.000
2.853	0.000	385.355	21.363	1309227.000	-49922030.000
4.151	0.000	385.339	22.819	1407837.000	-46840180.000
5.371	0.000	385.324	24.375	1191723.000	-43802230.000
6.517	0.000	385.309	26.036	1229043.000	-41112170.000
7.596	0.000	385.294	27.811	1052711.000	-38415170.000
8.619	0.000	385.281	29.707	1021837.000	-36050880.000
9.571	0.000	385.269	31.732	924133.800	-33834740.000
10.466	0.000	385.257	33.895	779303.600	-31685980.000
11.309	0.000	385.247	36.205	726758.800	-29535900.000
12.111	0.000	385.237	38.673	612339.400	-27766720.000
13.052	0.000	385.225	41.309	584222.700	-26021140.000
13.941	0.000	385.215	44.125	504415.900	-24366700.000
14.776	0.000	385.204	47.133	331141.200	-22820230.000
15.562	0.000	385.194	50.346	356391.700	-21370950.000
16.300	0.000	385.185	53.777	340207.600	-20047890.000
16.997	0.000	385.175	57.443	375513.800	-18797140.000
17.662	0.000	385.167	61.359	368291.400	-17604410.000
18.297	0.000	385.158	65.541	365966.000	-16495110.000
18.882	0.000	385.151	70.009	324737.400	-15455370.000
19.436	0.000	385.143	74.781	297968.100	-14477610.000
19.958	0.000	385.137	79.878	294545.300	-13561800.000
20.451	0.000	385.130	85.323	259199.300	-12705970.000
20.918	0.000	385.124	91.139	246250.700	-11901980.000
21.358	0.000	385.119	97.352	227317.600	-11164690.000
21.776	0.000	385.112	103.987	211676.600	-10457050.000
22.188	0.000	385.107	111.076	191732.100	-9792334.000
22.578	0.000	385.103	118.647	180340.900	-9177592.000
22.946	0.000	385.098	126.735	169743.700	-8596342.000
23.287	0.000	385.093	135.373	159251.400	-8054021.000
23.614	0.000	385.089	144.601	156557.700	-7535085.000
23.950	0.000	385.085	154.458	138997.100	-7081200.000
24.257	0.000	385.080	164.986	129102.900	-6621967.000
24.599	0.000	385.077	176.232	117837.000	-6202844.000
24.891	0.000	385.073	188.245	107377.600	-5810180.000
25.206	0.000	385.069	201.077	103745.100	-5446408.000
25.497	0.000	385.065	214.783	95894.880	-5102382.000
25.771	0.000	385.061	229.423	89844.570	-4779621.000
26.057	0.000	385.058	245.062	81831.120	-4480216.000
26.359	0.000	385.054	261.766	75284.150	-4195378.000
26.662	0.000	385.049	279.609	72383.500	-3930255.000
26.927	0.000	385.046	298.669	66557.910	-3681506.000
27.211	0.000	385.043	319.027	63112.130	-3448712.000
27.499	0.000	385.038	340.773	58632.290	-3230660.000
27.795	0.000	385.035	364.002	55174.710	-3027430.000
28.039	0.000	385.031	388.814	51584.730	-2835850.000
28.307	0.000	385.028	415.317	48299.710	-2657098.000
28.540	0.000	385.024	443.627	45130.140	-2489544.000
28.772	0.000	385.021	473.866	42204.140	-2332581.000
29.003	0.000	385.018	506.167	39756.220	-2184458.000
29.258	0.000	385.014	540.670	36531.980	-2046453.000
29.454	0.000	385.011	577.524	34644.700	-1918015.000
29.731	0.000	385.009	616.890	31633.460	-1796326.000
29.961	0.000	385.006	658.940	29782.620	-1683117.000
30.170	0.000	385.003	703.857	28085.620	-1576777.000
30.418	0.000	385.000	751.834	26414.700	-1477516.000
30.648	0.000	384.996	803.083	24804.570	-1384274.000
30.845	0.000	384.994	857.824	23059.090	-1296383.000
31.065	0.000	384.991	916.297	21656.700	-1214769.000
31.261	0.000	384.988	978.756	20276.420	-1138221.000
31.833	0.000	384.981	1045.472	18790.440	-1066169.000
32.323	0.000	384.975	1116.736	17819.820	-998782.700
32.798	0.000	384.968	1192.857	16581.500	-935999.500
33.237	0.000	384.963	1274.167	15637.790	-876931.100
33.665	0.000	384.957	1361.020	14459.250	-821630.300
34.053	0.000	384.952	1453.793	13609.510	-769572.500
34.459	0.000	384.947	1552.890	12742.490	-721025.700
34.838	0.000	384.942	1658.741	11958.720	-675632.300
35.212	0.000	384.937	1771.808	11227.660	-632848.800
35.564	0.000	384.933	1892.582	10465.540	-592978.400
35.922	0.000	384.928	2021.589	9880.543	-555551.100
36.279	0.000	384.924	2159.389	9169.307	-520428.900
36.611	0.000	384.920	2306.582	8640.641	-487570.000
36.992	0.000	384.914	2463.808	8095.320	-456875.400
37.323	0.000	384.910	2631.752	7613.663	-428034.000
37.672	0.000	384.906	2811.143	7113.925	-401016.800
38.031	0.000	384.902	3002.763	6648.550	-375692.900
38.325	0.000	384.898	3207.444	6280.200	-352044.700
38.652	0.000	384.894	3426.077	5873.074	-329801.300
38.889	0.000	384.890	3659.613	5480.853	-309003.300
39.208	0.000	384.887	3909.068	5102.771	-289428.300
39.576	0.000	384.882	4175.526	4822.174	-271256.700
39.942	0.000	384.877	4460.148	4497.918	-254095.800
40.291	0.000	384.873	4764.171	4229.775	-237984.900
40.684	0.000	384.869	5088.917	3975.664	-223005.000
41.044	0.000	384.864	5435.799	3711.109	-208968.200
41.397	0.000	384.860	5806.326	3556.257	-195697.600
41.674	0.000	384.857	6202.110	3260.516	-183448.900
41.958	0.000	384.854	6624.872	3057.859	-171801.300
42.205	0.000	384.850	7076.452	2853.097	-160946.900
42.543	0.000	384.847	7558.813	2690.002	-150865.100
42.843	0.000	384.842	8074.054	2566.117	-141273.100
43.166	0.000	384.839	8624.416	2385.052	-132384.000
43.427	0.000	384.835	9212.292	2236.054	-124018.900
43.762	0.000	384.833	9840.241	2117.371	-116221.500
44.025	0.000	384.829	10510.994	1977.155	-108864.600
44.283	0.000	384.826	11227.468	1846.908	-101985.500
44.544	0.000	384.824	11992.780	1734.554	-95546.540
44.804	0.000	384.820	12810.259	1631.191	-89510.590
45.078	0.000	384.817	13683.461	1540.212	-83882.640
45.377	0.000	384.815	14616.184	1448.990	-78586.660
45.618	0.000	384.811	15612.485	1359.598	-73627.360
45.865	0.000	384.808	16676.698	1282.617	-68987.580
46.143	0.000	384.806	17813.453	1203.988	-64641.370
46.455	0.000	384.802	19027.694	1131.636	-60555.580
46.686	0.000	384.800	20324.702	1060.861	-56739.730
46.941	0.000	384.798	21710.121	1001.717	-53149.300
47.213	0.000	384.795	23189.975	943.542	-49806.990
47.464	0.000	384.793	24770.702	880.490	-46650.990
47.756	0.000	384.790	26459.178	830.771	-43717.330
48.037	0.000	384.788	28262.749	781.383	-40963.440
48.289	0.000	384.785	30189.258	730.952	-38362.490
48.504	0.000	384.784	32247.086	694.793	-35943.450
48.757	0.000	384.782	34445.185	651.507	-33679.130
49.019	0.000	384.779	36793.115	617.118	-31557.320
49.269	0.000	384.778	39301.090	574.651	-29566.490
49.570	0.000	384.775	41980.020	541.420	-27703.120
49.985	0.000	384.772	44841.556	510.625	-25957.250
50.335	0.000	384.769	47898.147	479.014	-24318.560
50.745	0.000	384.767	51163.089	449.210	-22780.840
51.093	0.000	384.764	54650.583	423.663	-21344.900
51.430	0.000	384.762	58375.799	396.613	-19992.180
51.725	0.000	384.759	62354.942	389.215	-18743.310
52.171	0.000	384.757	66605.320	361.493	-17557.680
52.515	0.000	384.755	71145.421	332.470	-16448.100
52.797	0.000	384.753	75994.996	316.814	-15409.630
53.093	0.000	384.751	81175.138	295.470	-14438.430
53.378	0.000	384.750	86708.381	281.490	-13528.580
53.638	0.000	384.748	92618.793	265.955	-12677.950
53.935	0.000	384.747	98932.084	251.607	-11871.140
54.311	0.000	384.745	105675.715	223.827	-11132.150
54.614	0.000	384.743	112879.022	225.009	-10434.760
54.902	0.000	384.742	120573.336	207.929	-9769.053
55.307	0.000	384.741	128792.127	201.954	-9171.849
55.576	0.000	384.739	137571.146	188.250	-8578.530
55.993	0.000	384.738	146948.581	177.312	-8034.819
56.270	0.000	384.736	156965.221	168.873	-7529.491
56.545	0.000	384.735	167664.638	161.366	-7054.469
56.790	0.000	384.734	179093.373	153.074	-6609.501
57.095	0.000	384.733	191301.139	144.735	-6191.426
57.474	0.000	384.733	204341.039	137.154	-5800.291
57.780	0.000	384.731	218269.793	130.786	-5433.627
58.078	0.000	384.731	233147.990	128.180	-5082.478
58.373	0.000	384.730	249040.349	117.836	-4770.127
58.771	0.000	384.729	266015.998	113.089	-4468.814
59.042	0.000	384.728	284148.780	107.177	-4189.379
59.310	0.000	384.728	303517.570	101.112	-3923.317
59.798	0.000	384.727	324206.618	95.923	-3675.475
60.086	0.000	384.727	346305.920	93.362	-3442.909
60.408	0.000	384.726	369911.605	88.482	-3224.832
60.654	0.000	384.726	395126.353	83.138	-3020.272
60.950	0.000	384.726	422059.846	80.235	-2830.220
61.247	0.000	384.726	450829.241	76.538	-2650.638
61.587	0.000	384.726	481559.679	72.695	-2482.569
61.874	0.000	384.726	514384.835	70.178	-2325.015
62.166	0.000	384.726	549447.493	67.111	-2177.742
62.503	0.000	384.726	586900.171	64.508	-2038.881
62.790	0.000	384.726	626905.783	61.271	-1909.880
63.116	0.000	384.726	669638.348	59.077	-1787.117
63.397	0.000	384.726	715283.746	56.894	-1673.469
63.768	0.000	384.726	764040.529	57.144	-1559.052
64.124	0.000	384.726	816120.781	53.588	-1467.611
64.449	0.000	384.727	871751.044	51.330	-1373.187
64.739	0.000	384.727	931173.304	48.960	-1284.300
65.001	0.000	384.728	994646.037	46.910	-1201.540
65.313	0.000	384.728	1062445.341	3.249	-1117.956
65.568	0.000	384.729	1134866.134	2.880	-1045.130
66.027	0.000	384.730	1212223.437	2.241	-980.878
66.357	0.000	384.731	1294853.743	-0.258	-914.387
66.672	0.000	384.731	1383116.481	-1.207	-854.291
67.112	0.000	384.733	1477395.584	-2.607	-797.035
67.521	0.000	384.734	1578101.150	-3.574	-743.020
67.779	0.000	384.735	1685671.237	-4.587	-692.887
68.142	0.000	384.735	1800573.758	-5.072	-645.383
68.526	0.000	384.736	1923308.524	-5.611	-600.759
68.768	0.000	384.737	2054409.414	-6.214	-558.475
69.060	0.000	384.738	2194446.698	-6.996	-518.805
69.354	0.000	384.739	2344029.518	-7.309	-482.068
69.601	0.000	384.740	2503808.540	-7.935	-446.164
69.957	0.000	384.741	2674478.780	-7.849	-412.775
70.327	0.000	384.742	2856782.629	-8.441	-380.873
70.652	0.000	384.743	3051513.084	-8.333	-350.640
70.912	0.000	384.744	3259517.196	-8.357	-322.190
71.261	0.000	384.745	3481699.752	-8.258	-295.126
71.543	0.000	384.746	3719027.216	-7.813	-268.933
71.882	0.000	384.747	3972531.929	-7.178	-244.811
72.177	0.000	384.748	4243316.602	-6.644	-221.773
72.508	0.000	384.750	4532559.110	-6.940	-200.156
72.786	0.000	384.751	4841517.618	-6.496	-178.488
73.102	0.000	384.752	5171536.051	-5.852	-158.032
73.588	0.000	384.754	5524049.945	-5.009	-138.335
73.868	0.000	384.755	5900592.685	-3.894	-119.610
74.189	0.000	384.756	6302802.180	-2.712	-101.891
74.515	0.000	384.757	6732427.985	-1.447	-84.902
74.845	0.000	384.759	7191338.911	0.012	-68.527
75.138	0.000	384.760	7681531.159	1.973	-53.313
75.455	0.000	384.761	8205136.995	3.581	-38.970
75.794	0.000	384.763	8764434.032	5.394	-25.473
76.108	0.000	384.764	9361855.135	7.437	-12.943
76.390	0.000	384.766	9999999.000	9.563	-1.525
