Time (s)	Light (A)	T (K)	f (Hz)	R (Ohm)	X (Ohm)
1.472	0.000	397.388	20.000	849779.000	-50265240.000
2.852	0.000	397.371	21.363	1825823.000	-48618010.000
4.150	0.000	397.355	22.819	1584048.000	-45487160.000
5.368	0.000	397.339	24.375	1362983.000	-42716730.000
6.515	0.000	397.324	26.036	1348786.000	-39932060.000
7.594	0.000	397.310	27.811	1187962.000	-37409690.000
8.608	0.000	397.297	29.707	1096434.000	-35070620.000
9.561	0.000	397.285	31.732	944698.600	-32896370.000
10.468	0.000	397.273	33.895	956287.000	-30743350.000
11.311	0.000	397.262	36.205	788589.400	-28884980.000
12.116	0.000	397.251	38.673	784963.600	-27069830.000
13.069	0.000	397.238	41.309	673236.100	-25308640.000
13.957	0.000	397.226	44.125	520307.000	-23688240.000
14.790	0.000	397.215	47.133	434736.500	-22212650.000
15.578	0.000	397.204	50.346	426026.500	-20734520.000
16.318	0.000	397.193	53.777	395748.300	-19498210.000
17.041	0.000	397.183	57.443	405432.900	-18263370.000
17.697	0.000	397.174	61.359	407900.100	-17128140.000
18.317	0.000	397.166	65.541	396947.000	-16056450.000
18.903	0.000	397.159	70.009	352442.700	-15033590.000
19.455	0.000	397.151	74.781	328733.300	-14081500.000
19.976	0.000	397.144	79.878	315641.300	-13210050.000
20.469	0.000	397.137	85.323	277609.400	-12367110.000
20.940	0.000	397.130	91.139	265204.400	-11596640.000
21.380	0.000	397.125	97.352	238310.800	-10865580.000
21.797	0.000	397.119	103.987	224206.300	-10176100.000
22.190	0.000	397.113	111.076	205778.000	-9533072.000
22.573	0.000	397.109	118.647	190448.000	-8935086.000
22.944	0.000	397.103	126.735	178139.000	-8369180.000
23.300	0.000	397.098	135.373	164408.900	-7837322.000
23.664	0.000	397.093	144.601	150406.000	-7360757.000
24.000	0.000	397.088	154.458	139152.700	-6894308.000
24.315	0.000	397.083	164.986	128856.100	-6447715.000
24.620	0.000	397.079	176.232	119909.700	-6039654.000
24.959	0.000	397.075	188.245	111534.800	-5661068.000
25.272	0.000	397.070	201.077	107222.700	-5303102.000
25.575	0.000	397.066	214.783	96046.810	-4968975.000
25.846	0.000	397.062	229.423	90623.140	-4656124.000
26.143	0.000	397.058	245.062	81789.300	-4358929.000
26.450	0.000	397.054	261.766	76589.490	-4083537.000
26.738	0.000	397.049	279.609	72256.640	-3825836.000
27.031	0.000	397.046	298.669	67659.860	-3583928.000
27.336	0.000	397.041	319.027	62005.980	-3357999.000
27.652	0.000	397.036	340.773	57794.350	-3145838.000
27.886	0.000	397.033	364.002	53768.430	-2947158.000
28.173	0.000	397.031	388.814	50445.720	-2760940.000
28.471	0.000	397.025	415.317	46741.240	-2586086.000
28.697	0.000	397.021	443.627	43839.010	-2423190.000
28.920	0.000	397.018	473.866	40348.520	-2270591.000
29.151	0.000	397.014	506.167	38017.570	-2126964.000
29.356	0.000	397.011	540.670	35208.650	-1992453.000
29.605	0.000	397.008	577.524	33007.190	-1866739.000
29.851	0.000	397.005	616.890	30938.890	-1748750.000
30.119	0.000	397.002	658.940	28807.630	-1638245.000
30.311	0.000	396.998	703.857	26785.010	-1534796.000
30.573	0.000	396.995	751.834	25507.290	-1437849.000
30.822	0.000	396.991	803.083	23659.490	-1347161.000
31.035	0.000	396.988	857.824	21990.920	-1261679.000
31.292	0.000	396.984	916.297	20659.810	-1181998.000
31.549	0.000	396.981	978.756	19436.300	-1107351.000
32.083	0.000	396.972	1045.472	17754.520	-1037653.000
32.589	0.000	396.965	1116.736	16516.300	-972309.100
33.047	0.000	396.958	1192.857	15581.320	-910835.900
33.480	0.000	396.953	1274.167	14710.160	-853262.700
33.898	0.000	396.947	1361.020	13672.350	-799563.000
34.306	0.000	396.940	1453.793	12773.490	-749033.800
34.714	0.000	396.935	1552.890	11896.990	-701646.700
35.102	0.000	396.930	1658.741	11266.310	-657280.100
35.469	0.000	396.925	1771.808	10522.140	-615781.300
35.821	0.000	396.919	1892.582	9872.722	-576927.200
36.158	0.000	396.914	2021.589	9215.853	-540537.400
36.512	0.000	396.910	2159.389	8703.226	-506374.500
36.840	0.000	396.905	2306.582	8167.246	-474339.400
37.159	0.000	396.901	2463.808	7656.726	-444394.000
37.476	0.000	396.896	2631.752	7185.633	-416295.100
37.820	0.000	396.892	2811.143	6673.263	-390122.800
38.095	0.000	396.887	3002.763	6311.135	-365478.400
38.389	0.000	396.884	3207.444	5920.456	-342324.600
38.641	0.000	396.881	3426.077	5530.830	-320712.100
38.956	0.000	396.876	3659.613	5226.567	-300431.800
39.201	0.000	396.873	3909.068	4861.110	-281458.100
39.550	0.000	396.869	4175.526	4603.264	-263695.900
39.926	0.000	396.864	4460.148	4306.894	-247040.800
40.267	0.000	396.860	4764.171	4068.891	-231449.100
40.669	0.000	396.855	5088.917	3823.147	-216902.500
40.958	0.000	396.849	5435.799	3535.152	-203181.200
41.297	0.000	396.845	5806.326	3232.971	-190367.600
41.591	0.000	396.842	6202.110	3195.401	-178281.300
41.888	0.000	396.837	6624.872	2950.299	-167057.600
42.154	0.000	396.834	7076.452	2796.516	-156492.300
42.496	0.000	396.830	7558.813	2631.367	-146604.500
42.793	0.000	396.826	8074.054	2450.583	-137383.600
43.089	0.000	396.822	8624.416	2274.792	-128626.800
43.402	0.000	396.820	9212.292	2141.366	-120595.700
43.670	0.000	396.816	9840.241	2008.418	-112979.400
43.948	0.000	396.813	10510.994	1896.570	-105828.300
44.249	0.000	396.809	11227.468	1775.945	-99140.430
44.526	0.000	396.806	11992.780	1687.160	-92900.670
44.807	0.000	396.803	12810.259	1587.963	-87022.860
45.045	0.000	396.800	13683.461	1490.531	-81545.400
45.409	0.000	396.797	14616.184	1420.861	-76398.290
45.706	0.000	396.793	15612.485	1316.979	-71577.890
45.967	0.000	396.790	16676.698	1247.643	-67062.690
46.249	0.000	396.787	17813.453	1172.978	-62828.510
46.559	0.000	396.784	19027.694	1111.556	-58868.280
46.846	0.000	396.781	20324.702	1039.337	-55142.730
47.199	0.000	396.777	21710.121	988.085	-51672.880
47.479	0.000	396.775	23189.975	931.257	-48417.940
47.717	0.000	396.772	24770.702	869.670	-45353.970
47.941	0.000	396.769	26459.178	818.526	-42489.450
48.234	0.000	396.767	28262.749	767.592	-39820.010
48.613	0.000	396.765	30189.258	722.085	-37316.560
48.868	0.000	396.761	32247.086	686.802	-34954.650
49.142	0.000	396.759	34445.185	645.232	-32744.210
49.424	0.000	396.757	36793.115	605.563	-30678.150
49.674	0.000	396.754	39301.090	574.892	-28746.390
49.979	0.000	396.752	41980.020	535.634	-26934.660
50.359	0.000	396.749	44841.556	509.577	-25235.670
50.731	0.000	396.746	47898.147	478.790	-23644.380
51.158	0.000	396.743	51163.089	449.615	-22159.320
51.470	0.000	396.741	54650.583	431.140	-20757.360
51.857	0.000	396.738	58375.799	400.116	-19448.680
52.121	0.000	396.736	62354.942	394.753	-18227.480
52.577	0.000	396.734	66605.320	354.666	-17073.090
52.865	0.000	396.732	71145.421	337.581	-15996.920
53.138	0.000	396.730	75994.996	317.329	-14987.360
53.446	0.000	396.728	81175.138	302.897	-14040.130
53.771	0.000	396.726	86708.381	281.697	-13162.840
54.047	0.000	396.725	92618.793	261.797	-12328.470
54.365	0.000	396.723	98932.084	246.711	-11552.620
54.679	0.000	396.721	105675.715	232.907	-10838.150
54.971	0.000	396.720	112879.022	221.584	-10139.040
55.315	0.000	396.719	120573.336	212.538	-9510.190
55.633	0.000	396.716	128792.127	180.475	-8901.879
55.900	0.000	396.715	137571.146	187.142	-8347.456
56.329	0.000	396.714	146948.581	178.690	-7820.579
56.616	0.000	396.713	156965.221	168.421	-7326.073
56.920	0.000	396.712	167664.638	160.472	-6865.381
57.168	0.000	396.711	179093.373	150.111	-6431.521
57.496	0.000	396.710	191301.139	142.880	-6024.785
57.886	0.000	396.709	204341.039	136.178	-5646.091
58.200	0.000	396.707	218269.793	130.023	-5289.927
58.513	0.000	396.707	233147.990	117.154	-4957.043
58.821	0.000	396.706	249040.349	116.908	-4644.067
59.112	0.000	396.705	266015.998	109.960	-4350.626
59.453	0.000	396.705	284148.780	107.019	-4075.667
59.761	0.000	396.704	303517.570	99.887	-3819.258
60.208	0.000	396.703	324206.618	95.375	-3577.871
60.475	0.000	396.703	346305.920	90.668	-3350.846
60.804	0.000	396.702	369911.605	86.523	-3138.336
61.097	0.000	396.702	395126.353	82.828	-2941.328
61.350	0.000	396.702	422059.846	79.186	-2754.781
61.647	0.000	396.701	450829.241	74.823	-2580.985
61.938	0.000	396.701	481559.679	71.649	-2417.195
62.186	0.000	396.701	514384.835	68.870	-2264.093
62.578	0.000	396.701	549447.493	65.169	-2120.143
62.873	0.000	396.701	586900.171	62.839	-1985.083
63.191	0.000	396.701	626905.783	60.381	-1859.310
63.528	0.000	396.701	669638.348	57.754	-1740.341
63.791	0.000	396.701	715283.746	55.869	-1629.411
64.087	0.000	396.701	764040.529	52.427	-1524.857
64.351	0.000	396.701	816120.781	52.464	-1428.260
64.655	0.000	396.701	871751.044	50.361	-1336.477
64.932	0.000	396.701	931173.304	48.017	-1250.627
65.253	0.000	396.701	994646.037	46.234	-1169.589
65.524	0.000	396.701	1062445.341	3.074	-1088.797
65.848	0.000	396.702	1134866.134	2.974	-1017.382
66.301	0.000	396.703	1212223.437	3.748	-950.027
66.611	0.000	396.703	1294853.743	0.295	-889.192
66.946	0.000	396.704	1383116.481	-0.600	-831.305
67.465	0.000	396.704	1477395.584	-2.426	-775.224
67.907	0.000	396.705	1578101.150	-3.351	-723.149
68.248	0.000	396.706	1685671.237	-3.953	-674.271
68.576	0.000	396.707	1800573.758	-4.847	-627.872
68.965	0.000	396.707	1923308.524	-5.577	-584.408
69.234	0.000	396.708	2054409.414	-6.180	-543.330
69.493	0.000	396.709	2194446.698	-6.716	-504.748
69.792	0.000	396.709	2344029.518	-6.681	-468.152
70.068	0.000	396.710	2503808.540	-7.394	-433.682
70.360	0.000	396.711	2674478.780	-7.486	-400.862
70.746	0.000	396.712	2856782.629	-7.973	-370.058
71.029	0.000	396.712	3051513.084	-7.923	-340.576
71.350	0.000	396.713	3259517.196	-7.949	-312.889
71.646	0.000	396.714	3481699.752	-7.605	-286.252
71.982	0.000	396.715	3719027.216	-7.650	-261.027
72.317	0.000	396.717	3972531.929	-6.493	-236.945
72.592	0.000	396.718	4243316.602	-6.422	-214.705
72.917	0.000	396.719	4532559.110	-6.039	-193.674
73.187	0.000	396.719	4841517.618	-5.898	-172.466
73.475	0.000	396.720	5171536.051	-5.179	-152.458
73.854	0.000	396.722	5524049.945	-4.456	-133.325
74.134	0.000	396.723	5900592.685	-3.370	-114.992
74.401	0.000	396.724	6302802.180	-2.167	-97.600
74.714	0.000	396.724	6732427.985	-0.911	-81.077
75.031	0.000	396.726	7191338.911	0.484	-65.116
75.436	0.000	396.727	7681531.159	2.279	-49.973
75.729	0.000	396.729	8205136.995	4.047	-36.147
76.096	0.000	396.730	8764434.032	5.933	-22.988
76.454	0.000	396.731	9361855.135	7.891	-10.756
76.752	0.000	396.733	9999999.000	9.974	0.364
