Time (s)	Light (A)	T (K)	f (Hz)	R (Ohm)	X (Ohm)
1.472	0.000	399.381	20.000	3827894.000	-51917250.000
2.854	0.000	399.363	21.363	1665280.000	-48286690.000
4.160	0.000	399.345	22.819	1629674.000	-45295200.000
5.380	0.000	399.328	24.375	1454844.000	-42324850.000
6.526	0.000	399.313	26.036	1374215.000	-39675830.000
7.605	0.000	399.299	27.811	1241378.000	-37109300.000
8.645	0.000	399.285	29.707	1087814.000	-34845340.000
9.598	0.000	399.272	31.732	961971.800	-32607820.000
10.517	0.000	399.260	33.895	882663.900	-30554070.000
11.362	0.000	399.248	36.205	927543.800	-28697850.000
12.166	0.000	399.237	38.673	848564.100	-26847560.000
13.112	0.000	399.224	41.309	677169.300	-25145070.000
14.004	0.000	399.212	44.125	567042.700	-23565370.000
14.839	0.000	399.201	47.133	464980.700	-22061300.000
15.625	0.000	399.189	50.346	314842.900	-20669450.000
16.365	0.000	399.179	53.777	414089.900	-19387050.000
17.063	0.000	399.170	57.443	437119.500	-18169900.000
17.722	0.000	399.161	61.359	451445.300	-17067360.000
18.342	0.000	399.151	65.541	384914.800	-15987320.000
18.928	0.000	399.143	70.009	371854.800	-14978590.000
19.498	0.000	399.135	74.781	319796.900	-14022760.000
20.019	0.000	399.128	79.878	301937.400	-13127370.000
20.541	0.000	399.120	85.323	276133.200	-12303380.000
21.007	0.000	399.113	91.139	264800.300	-11529670.000
21.449	0.000	399.107	97.352	237102.800	-10806100.000
21.877	0.000	399.101	103.987	214599.600	-10120700.000
22.271	0.000	399.095	111.076	210028.900	-9484946.000
22.644	0.000	399.090	118.647	190363.300	-8892257.000
23.010	0.000	399.085	126.735	175636.800	-8328668.000
23.353	0.000	399.080	135.373	166389.600	-7804239.000
23.689	0.000	399.076	144.601	137134.900	-7309352.000
24.024	0.000	399.070	154.458	146199.200	-6835492.000
24.331	0.000	399.066	164.986	129597.800	-6414872.000
24.646	0.000	399.061	176.232	122496.600	-6010450.000
24.985	0.000	399.057	188.245	112399.800	-5629902.000
25.274	0.000	399.052	201.077	106274.900	-5274878.000
25.573	0.000	399.048	214.783	96854.680	-4940986.000
25.865	0.000	399.045	229.423	91053.460	-4630572.000
26.172	0.000	399.040	245.062	81820.640	-4336510.000
26.474	0.000	399.035	261.766	76066.600	-4062577.000
26.770	0.000	399.031	279.609	72784.580	-3806556.000
27.084	0.000	399.027	298.669	67110.160	-3565332.000
27.344	0.000	399.023	319.027	61925.300	-3339751.000
27.644	0.000	399.019	340.773	58351.630	-3129795.000
27.937	0.000	399.015	364.002	54615.540	-2931516.000
28.178	0.000	399.011	388.814	49813.480	-2746551.000
28.429	0.000	399.008	415.317	47042.350	-2573162.000
28.671	0.000	399.004	443.627	43478.980	-2410868.000
28.921	0.000	399.000	473.866	40805.390	-2258864.000
29.144	0.000	398.997	506.167	37523.620	-2116275.000
29.400	0.000	398.993	540.670	35358.500	-1982563.000
29.591	0.000	398.990	577.524	33031.660	-1857208.000
29.850	0.000	398.988	616.890	31056.980	-1740439.000
30.102	0.000	398.983	658.940	29182.750	-1630010.000
30.300	0.000	398.981	703.857	27294.290	-1527179.000
30.545	0.000	398.977	751.834	25378.320	-1431185.000
30.790	0.000	398.974	803.083	23373.700	-1340220.000
30.986	0.000	398.970	857.824	22027.870	-1255812.000
31.209	0.000	398.968	916.297	20414.770	-1176350.000
31.409	0.000	398.964	978.756	19065.960	-1101930.000
31.989	0.000	398.956	1045.472	17807.260	-1032633.000
32.495	0.000	398.948	1116.736	16500.130	-967622.600
32.956	0.000	398.942	1192.857	15621.670	-906241.900
33.390	0.000	398.937	1274.167	14372.450	-848913.800
33.801	0.000	398.931	1361.020	13539.980	-795538.600
34.222	0.000	398.925	1453.793	12792.910	-745215.500
34.606	0.000	398.920	1552.890	11934.870	-698256.500
34.973	0.000	398.914	1658.741	11258.220	-654022.400
35.396	0.000	398.909	1771.808	10605.480	-612704.900
35.749	0.000	398.903	1892.582	9780.697	-574126.000
36.125	0.000	398.898	2021.589	9116.139	-537858.600
36.472	0.000	398.892	2159.389	8701.906	-503909.600
36.810	0.000	398.888	2306.582	8104.823	-471953.600
37.177	0.000	398.883	2463.808	7639.516	-442201.900
37.536	0.000	398.879	2631.752	7139.299	-414262.600
37.801	0.000	398.873	2811.143	6704.240	-388138.200
38.092	0.000	398.870	3002.763	6291.156	-363617.000
38.335	0.000	398.866	3207.444	5853.884	-340661.300
38.669	0.000	398.863	3426.077	5528.898	-319143.400
38.950	0.000	398.859	3659.613	5178.078	-299016.800
39.271	0.000	398.854	3909.068	4891.445	-280122.200
39.645	0.000	398.849	4175.526	4585.889	-262431.200
40.027	0.000	398.845	4460.148	4259.397	-245888.000
40.405	0.000	398.840	4764.171	4017.647	-230359.500
40.715	0.000	398.836	5088.917	3808.501	-215812.000
41.006	0.000	398.832	5435.799	3560.259	-202235.400
41.354	0.000	398.828	5806.326	3392.288	-189423.300
41.637	0.000	398.825	6202.110	3079.485	-177442.600
41.893	0.000	398.822	6624.872	2962.944	-166196.800
42.161	0.000	398.819	7076.452	2776.249	-155756.300
42.425	0.000	398.815	7558.813	2561.561	-145938.800
42.785	0.000	398.811	8074.054	2393.168	-136686.400
43.087	0.000	398.807	8624.416	2252.285	-128069.300
43.438	0.000	398.803	9212.292	2133.645	-120016.800
43.712	0.000	398.799	9840.241	1966.646	-112432.100
43.963	0.000	398.796	10510.994	1902.765	-105287.600
44.237	0.000	398.794	11227.468	1792.732	-98672.860
44.517	0.000	398.791	11992.780	1696.630	-92446.030
44.765	0.000	398.787	12810.259	1582.503	-86608.110
45.143	0.000	398.785	13683.461	1480.152	-81138.670
45.396	0.000	398.781	14616.184	1403.978	-76011.760
45.664	0.000	398.778	15612.485	1326.899	-71218.670
45.933	0.000	398.776	16676.698	1247.811	-66728.720
46.173	0.000	398.773	17813.453	1170.113	-62521.400
46.457	0.000	398.771	19027.694	1098.542	-58572.870
46.742	0.000	398.768	20324.702	1038.633	-54876.280
47.019	0.000	398.766	21710.121	988.248	-51410.300
47.288	0.000	398.763	23189.975	906.885	-48181.330
47.538	0.000	398.761	24770.702	867.069	-45129.060
47.814	0.000	398.759	26459.178	816.520	-42279.740
48.104	0.000	398.757	28262.749	770.875	-39614.360
48.348	0.000	398.754	30189.258	722.638	-37115.020
48.625	0.000	398.752	32247.086	684.815	-34777.750
48.880	0.000	398.750	34445.185	639.612	-32581.920
49.178	0.000	398.749	36793.115	606.503	-30528.440
49.457	0.000	398.746	39301.090	562.431	-28597.090
49.723	0.000	398.745	41980.020	533.881	-26798.480
50.114	0.000	398.742	44841.556	506.844	-25111.350
50.509	0.000	398.739	47898.147	475.531	-23525.230
50.940	0.000	398.736	51163.089	454.574	-22045.260
51.256	0.000	398.734	54650.583	422.318	-20651.310
51.644	0.000	398.732	58375.799	395.074	-19354.010
51.908	0.000	398.730	62354.942	363.542	-18138.540
52.340	0.000	398.728	66605.320	351.626	-16989.070
52.730	0.000	398.726	71145.421	334.577	-15916.080
52.998	0.000	398.724	75994.996	318.324	-14914.470
53.287	0.000	398.723	81175.138	303.052	-13974.740
53.593	0.000	398.721	86708.381	281.593	-13097.410
53.876	0.000	398.720	92618.793	260.689	-12269.250
54.197	0.000	398.718	98932.084	251.950	-11492.230
54.499	0.000	398.717	105675.715	243.891	-10785.990
54.787	0.000	398.716	112879.022	222.658	-10089.580
55.073	0.000	398.715	120573.336	201.354	-9465.871
55.457	0.000	398.713	128792.127	186.712	-8867.856
55.707	0.000	398.712	137571.146	187.108	-8304.695
56.099	0.000	398.711	146948.581	177.382	-7781.747
56.370	0.000	398.709	156965.221	168.746	-7290.611
56.661	0.000	398.709	167664.638	158.434	-6828.295
56.957	0.000	398.708	179093.373	149.461	-6399.371
57.288	0.000	398.707	191301.139	137.953	-6004.229
57.612	0.000	398.706	204341.039	135.484	-5617.185
57.868	0.000	398.705	218269.793	130.264	-5264.326
58.272	0.000	398.705	233147.990	124.844	-4936.790
58.555	0.000	398.704	249040.349	116.521	-4620.375
58.853	0.000	398.704	266015.998	111.090	-4328.553
59.118	0.000	398.703	284148.780	105.694	-4055.949
59.395	0.000	398.702	303517.570	99.631	-3799.090
59.867	0.000	398.702	324206.618	94.190	-3559.619
60.133	0.000	398.702	346305.920	90.172	-3333.598
60.436	0.000	398.701	369911.605	86.043	-3123.883
60.736	0.000	398.701	395126.353	83.089	-2927.743
61.015	0.000	398.701	422059.846	78.415	-2741.443
61.359	0.000	398.701	450829.241	74.765	-2567.851
61.672	0.000	398.701	481559.679	71.388	-2404.822
61.964	0.000	398.701	514384.835	68.053	-2252.144
62.227	0.000	398.701	549447.493	65.466	-2109.559
62.508	0.000	398.700	586900.171	62.924	-1975.054
62.761	0.000	398.700	626905.783	60.308	-1849.960
63.033	0.000	398.701	669638.348	57.650	-1731.421
63.290	0.000	398.701	715283.746	55.770	-1621.149
63.598	0.000	398.701	764040.529	53.741	-1516.532
63.840	0.000	398.701	816120.781	52.199	-1421.096
64.137	0.000	398.701	871751.044	50.184	-1329.917
64.397	0.000	398.702	931173.304	47.698	-1244.085
64.687	0.000	398.702	994646.037	46.256	-1163.577
64.955	0.000	398.702	1062445.341	3.013	-1083.292
65.264	0.000	398.703	1134866.134	2.523	-1012.205
65.723	0.000	398.704	1212223.437	2.921	-944.976
66.031	0.000	398.704	1294853.743	0.215	-885.064
66.345	0.000	398.705	1383116.481	-0.503	-826.936
66.827	0.000	398.706	1477395.584	-2.271	-771.328
67.276	0.000	398.707	1578101.150	-3.422	-719.505
67.629	0.000	398.708	1685671.237	-3.955	-670.792
67.899	0.000	398.708	1800573.758	-4.645	-624.639
68.321	0.000	398.709	1923308.524	-5.332	-581.371
68.636	0.000	398.710	2054409.414	-6.069	-540.488
68.877	0.000	398.711	2194446.698	-6.446	-501.987
69.145	0.000	398.712	2344029.518	-6.583	-465.658
69.430	0.000	398.712	2503808.540	-7.291	-431.525
69.811	0.000	398.713	2674478.780	-7.337	-398.887
70.287	0.000	398.715	2856782.629	-7.820	-368.043
70.561	0.000	398.716	3051513.084	-7.709	-338.697
70.818	0.000	398.717	3259517.196	-7.742	-311.263
71.098	0.000	398.718	3481699.752	-7.550	-284.723
71.431	0.000	398.719	3719027.216	-7.525	-259.581
71.704	0.000	398.721	3972531.929	-6.629	-235.468
71.990	0.000	398.721	4243316.602	-6.311	-213.517
72.340	0.000	398.723	4532559.110	-5.887	-192.404
72.627	0.000	398.724	4841517.618	-5.779	-171.397
72.942	0.000	398.725	5171536.051	-5.055	-151.467
73.344	0.000	398.727	5524049.945	-4.317	-132.413
73.636	0.000	398.728	5900592.685	-3.270	-114.135
73.916	0.000	398.729	6302802.180	-2.028	-96.831
74.212	0.000	398.730	6732427.985	-0.789	-80.376
74.470	0.000	398.731	7191338.911	0.605	-64.507
74.765	0.000	398.732	7681531.159	2.344	-49.425
75.032	0.000	398.733	8205136.995	4.162	-35.646
75.344	0.000	398.734	8764434.032	6.045	-22.538
75.692	0.000	398.736	9361855.135	7.990	-10.366
75.989	0.000	398.737	9999999.000	10.058	0.703
