Time (s)	Light (A)	T (K)	f (Hz)	R (Ohm)	X (Ohm)
1.472	0.000	401.379	20.000	2448633.000	-49352730.000
2.854	0.000	401.360	21.363	1777101.000	-48075190.000
4.152	0.000	401.342	22.819	1711817.000	-44929930.000
5.373	0.000	401.325	24.375	1474108.000	-42095620.000
6.522	0.000	401.309	26.036	1338072.000	-39426320.000
7.599	0.000	401.294	27.811	1221547.000	-36961460.000
8.611	0.000	401.280	29.707	1106225.000	-34665460.000
9.564	0.000	401.267	31.732	965382.400	-32428760.000
10.479	0.000	401.253	33.895	927157.600	-30455480.000
11.349	0.000	401.242	36.205	851871.000	-28455660.000
12.151	0.000	401.231	38.673	763385.300	-26752360.000
13.093	0.000	401.218	41.309	709530.800	-25047650.000
13.977	0.000	401.206	44.125	566886.300	-23438090.000
14.829	0.000	401.193	47.133	504391.700	-21921570.000
15.612	0.000	401.183	50.346	376658.300	-20543220.000
16.364	0.000	401.172	53.777	427983.300	-19286470.000
17.060	0.000	401.162	57.443	458468.300	-18100710.000
17.718	0.000	401.153	61.359	442081.800	-16981520.000
18.340	0.000	401.144	65.541	383010.300	-15876570.000
18.926	0.000	401.135	70.009	367482.800	-14894420.000
19.477	0.000	401.127	74.781	336686.700	-13956570.000
19.999	0.000	401.120	79.878	312624.800	-13060700.000
20.499	0.000	401.113	85.323	292576.100	-12237520.000
20.964	0.000	401.106	91.139	269680.200	-11471850.000
21.428	0.000	401.099	97.352	232968.900	-10743320.000
21.844	0.000	401.094	103.987	220503.800	-10075260.000
22.238	0.000	401.088	111.076	205940.600	-9432895.000
22.624	0.000	401.083	118.647	191569.300	-8839380.000
22.992	0.000	401.078	126.735	181831.300	-8281720.000
23.333	0.000	401.073	135.373	171544.400	-7755889.000
23.659	0.000	401.069	144.601	140377.600	-7272854.000
23.985	0.000	401.064	154.458	146556.500	-6799770.000
24.290	0.000	401.059	164.986	134520.700	-6380152.000
24.640	0.000	401.056	176.232	126068.100	-5976533.000
24.927	0.000	401.051	188.245	113935.100	-5600425.000
25.230	0.000	401.046	201.077	104701.100	-5247020.000
25.516	0.000	401.043	214.783	99740.710	-4914865.000
25.803	0.000	401.038	229.423	90127.420	-4605582.000
26.089	0.000	401.034	245.062	87135.680	-4312158.000
26.354	0.000	401.030	261.766	78779.860	-4039682.000
26.654	0.000	401.026	279.609	73014.510	-3786239.000
26.964	0.000	401.022	298.669	68077.860	-3547434.000
27.259	0.000	401.017	319.027	63290.610	-3322302.000
27.557	0.000	401.013	340.773	58610.100	-3113909.000
27.846	0.000	401.010	364.002	54227.960	-2917762.000
28.159	0.000	401.005	388.814	51038.200	-2732713.000
28.461	0.000	401.000	415.317	47088.560	-2560097.000
28.697	0.000	400.995	443.627	43862.920	-2398624.000
28.960	0.000	400.993	473.866	40864.720	-2246965.000
29.187	0.000	400.990	506.167	38305.920	-2105333.000
29.429	0.000	400.985	540.670	34948.370	-1971911.000
29.663	0.000	400.983	577.524	33177.860	-1848012.000
29.889	0.000	400.979	616.890	30412.700	-1731110.000
30.127	0.000	400.976	658.940	28664.190	-1621961.000
30.393	0.000	400.972	703.857	27182.840	-1518953.000
30.620	0.000	400.969	751.834	25208.050	-1422974.000
30.811	0.000	400.965	803.083	23211.100	-1333382.000
31.038	0.000	400.963	857.824	22079.600	-1248692.000
31.226	0.000	400.959	916.297	20451.490	-1169975.000
31.419	0.000	400.957	978.756	18968.770	-1096248.000
31.935	0.000	400.949	1045.472	17559.230	-1027262.000
32.439	0.000	400.942	1116.736	16573.390	-962433.600
32.896	0.000	400.936	1192.857	15580.170	-901636.900
33.336	0.000	400.929	1274.167	14439.020	-844664.000
33.767	0.000	400.923	1361.020	13541.760	-791386.800
34.160	0.000	400.917	1453.793	12558.420	-741390.200
34.586	0.000	400.913	1552.890	11931.310	-694479.300
34.960	0.000	400.906	1658.741	11102.950	-650729.000
35.311	0.000	400.901	1771.808	10385.940	-609602.100
35.662	0.000	400.897	1892.582	9714.129	-571095.500
36.024	0.000	400.891	2021.589	9140.581	-534969.500
36.355	0.000	400.887	2159.389	8544.057	-501249.400
36.669	0.000	400.884	2306.582	7998.690	-469556.300
37.015	0.000	400.879	2463.808	7477.685	-439873.000
37.351	0.000	400.875	2631.752	7034.035	-412096.900
37.645	0.000	400.870	2811.143	6602.906	-386051.900
37.947	0.000	400.866	3002.763	6158.281	-361694.400
38.194	0.000	400.863	3207.444	5755.739	-338809.500
38.506	0.000	400.860	3426.077	5406.764	-317372.100
38.762	0.000	400.856	3659.613	5080.294	-297342.300
39.070	0.000	400.853	3909.068	4808.084	-278568.100
39.455	0.000	400.848	4175.526	4527.434	-260968.300
39.841	0.000	400.843	4460.148	4209.406	-244538.000
40.200	0.000	400.839	4764.171	3944.288	-229102.300
40.584	0.000	400.834	5088.917	3686.707	-214567.300
40.907	0.000	400.830	5435.799	3465.617	-201132.100
41.176	0.000	400.827	5806.326	3270.534	-188408.600
41.499	0.000	400.824	6202.110	3107.646	-176465.700
41.783	0.000	400.820	6624.872	2905.008	-165352.600
42.105	0.000	400.817	7076.452	2695.978	-154949.200
42.362	0.000	400.814	7558.813	2564.853	-145124.000
42.697	0.000	400.810	8074.054	2368.689	-135907.200
42.988	0.000	400.807	8624.416	2211.830	-127358.600
43.244	0.000	400.804	9212.292	2115.876	-119306.400
43.506	0.000	400.802	9840.241	1962.423	-111771.000
43.795	0.000	400.798	10510.994	1874.789	-104730.300
44.060	0.000	400.796	11227.468	1767.197	-98133.420
44.410	0.000	400.793	11992.780	1658.441	-91918.170
44.715	0.000	400.789	12810.259	1562.371	-86109.810
45.022	0.000	400.785	13683.461	1466.282	-80691.500
45.284	0.000	400.783	14616.184	1398.352	-75598.840
45.552	0.000	400.781	15612.485	1305.670	-70825.730
45.806	0.000	400.778	16676.698	1227.038	-66366.210
46.088	0.000	400.776	17813.453	1149.426	-62175.740
46.336	0.000	400.774	19027.694	1091.743	-58261.720
46.610	0.000	400.772	20324.702	1023.793	-54580.030
46.850	0.000	400.769	21710.121	956.457	-51137.510
47.115	0.000	400.767	23189.975	907.526	-47905.430
47.365	0.000	400.765	24770.702	853.951	-44879.020
47.602	0.000	400.763	26459.178	802.276	-42049.590
47.919	0.000	400.761	28262.749	747.449	-39398.200
48.180	0.000	400.759	30189.258	713.678	-36915.690
48.412	0.000	400.757	32247.086	664.699	-34587.650
48.697	0.000	400.755	34445.185	635.288	-32400.390
48.965	0.000	400.753	36793.115	599.113	-30362.320
49.228	0.000	400.751	39301.090	570.623	-28448.290
49.475	0.000	400.749	41980.020	529.991	-26651.160
49.852	0.000	400.746	44841.556	498.143	-24979.020
50.266	0.000	400.744	47898.147	472.774	-23396.660
50.680	0.000	400.740	51163.089	445.096	-21921.730
50.982	0.000	400.738	54650.583	429.176	-20544.120
51.348	0.000	400.736	58375.799	392.587	-19245.020
51.642	0.000	400.735	62354.942	387.128	-18047.670
52.106	0.000	400.732	66605.320	354.945	-16895.050
52.380	0.000	400.731	71145.421	332.522	-15828.030
52.652	0.000	400.729	75994.996	314.824	-14834.520
52.925	0.000	400.728	81175.138	303.002	-13895.230
53.220	0.000	400.726	86708.381	280.885	-13022.840
53.507	0.000	400.725	92618.793	260.821	-12198.710
53.794	0.000	400.724	98932.084	249.106	-11433.500
54.158	0.000	400.722	105675.715	238.492	-10716.690
54.460	0.000	400.721	112879.022	222.487	-10041.940
54.769	0.000	400.719	120573.336	213.610	-9400.269
55.149	0.000	400.718	128792.127	198.254	-8806.041
55.394	0.000	400.717	137571.146	188.362	-8259.494
55.769	0.000	400.716	146948.581	178.761	-7737.793
56.030	0.000	400.716	156965.221	167.536	-7251.313
56.337	0.000	400.715	167664.638	159.484	-6793.418
56.662	0.000	400.714	179093.373	150.653	-6366.368
56.967	0.000	400.713	191301.139	142.059	-5962.394
57.265	0.000	400.713	204341.039	135.965	-5586.792
57.511	0.000	400.712	218269.793	128.716	-5236.914
57.807	0.000	400.712	233147.990	128.554	-4901.747
58.076	0.000	400.712	249040.349	116.831	-4594.051
58.401	0.000	400.711	266015.998	110.130	-4305.829
58.680	0.000	400.711	284148.780	106.392	-4033.510
58.927	0.000	400.710	303517.570	100.002	-3779.915
59.461	0.000	400.710	324206.618	94.636	-3540.582
59.755	0.000	400.710	346305.920	90.192	-3316.689
60.049	0.000	400.710	369911.605	85.602	-3106.267
60.362	0.000	400.710	395126.353	82.436	-2911.048
60.637	0.000	400.710	422059.846	78.268	-2726.290
60.981	0.000	400.709	450829.241	74.310	-2553.682
61.304	0.000	400.709	481559.679	70.906	-2392.654
61.571	0.000	400.709	514384.835	67.915	-2239.881
61.837	0.000	400.709	549447.493	65.166	-2098.345
62.106	0.000	400.709	586900.171	63.275	-1964.831
62.350	0.000	400.709	626905.783	60.096	-1840.030
62.658	0.000	400.709	669638.348	57.532	-1722.055
62.921	0.000	400.709	715283.746	55.141	-1612.388
63.191	0.000	400.709	764040.529	53.992	-1512.169
63.476	0.000	400.709	816120.781	52.083	-1413.591
63.749	0.000	400.709	871751.044	49.736	-1322.930
64.028	0.000	400.709	931173.304	47.753	-1237.423
64.317	0.000	400.709	994646.037	45.911	-1157.692
64.581	0.000	400.710	1062445.341	3.210	-1077.268
64.892	0.000	400.710	1134866.134	2.386	-1006.841
65.319	0.000	400.711	1212223.437	2.604	-940.256
65.669	0.000	400.711	1294853.743	0.208	-880.306
66.007	0.000	400.712	1383116.481	-0.433	-822.457
66.456	0.000	400.714	1477395.584	-2.286	-767.283
66.887	0.000	400.715	1578101.150	-3.033	-715.510
67.161	0.000	400.716	1685671.237	-3.595	-667.210
67.441	0.000	400.716	1800573.758	-4.655	-621.174
67.844	0.000	400.717	1923308.524	-5.204	-578.171
68.132	0.000	400.718	2054409.414	-5.913	-537.569
68.430	0.000	400.719	2194446.698	-6.396	-499.254
68.724	0.000	400.720	2344029.518	-6.516	-463.132
68.978	0.000	400.721	2503808.540	-7.137	-429.024
69.247	0.000	400.721	2674478.780	-7.340	-396.531
69.621	0.000	400.723	2856782.629	-7.694	-365.994
69.948	0.000	400.723	3051513.084	-7.659	-336.751
70.224	0.000	400.724	3259517.196	-7.669	-309.389
70.474	0.000	400.725	3481699.752	-7.455	-282.883
70.761	0.000	400.726	3719027.216	-7.412	-258.025
71.018	0.000	400.727	3972531.929	-6.697	-234.044
71.421	0.000	400.728	4243316.602	-6.129	-212.197
71.692	0.000	400.729	4532559.110	-5.744	-191.147
71.936	0.000	400.730	4841517.618	-5.654	-170.242
72.210	0.000	400.731	5171536.051	-4.924	-150.374
72.609	0.000	400.732	5524049.945	-4.206	-131.447
72.927	0.000	400.733	5900592.685	-3.144	-113.249
73.242	0.000	400.734	6302802.180	-1.934	-96.027
73.516	0.000	400.735	6732427.985	-0.693	-79.632
73.877	0.000	400.736	7191338.911	0.694	-63.836
74.164	0.000	400.738	7681531.159	2.421	-48.840
74.444	0.000	400.738	8205136.995	4.268	-35.093
74.754	0.000	400.740	8764434.032	6.147	-22.040
75.200	0.000	400.741	9361855.135	8.082	-9.943
75.576	0.000	400.743	9999999.000	10.137	1.066
