Time (s)	Light (A)	T (K)	f (Hz)	R (Ohm)	X (Ohm)
1.471	0.000	403.374	20.000	3563042.000	-52013460.000
2.851	0.000	403.354	21.363	1769227.000	-47688010.000
4.149	0.000	403.336	22.819	1803673.000	-44677200.000
5.369	0.000	403.319	24.375	1570602.000	-41791010.000
6.515	0.000	403.303	26.036	1432178.000	-39142070.000
7.592	0.000	403.289	27.811	1255385.000	-36711260.000
8.606	0.000	403.275	29.707	1135890.000	-34363890.000
9.578	0.000	403.262	31.732	1072011.000	-32315220.000
10.475	0.000	403.248	33.895	936964.800	-30204080.000
11.318	0.000	403.236	36.205	966781.800	-28302050.000
12.135	0.000	403.224	38.673	811919.000	-26593210.000
13.078	0.000	403.212	41.309	732278.900	-24877390.000
13.964	0.000	403.200	44.125	622538.400	-23296970.000
14.804	0.000	403.188	47.133	479713.700	-21838930.000
15.590	0.000	403.177	50.346	410627.800	-20470110.000
16.339	0.000	403.166	53.777	413015.300	-19201550.000
17.042	0.000	403.156	57.443	465886.800	-17972950.000
17.699	0.000	403.148	61.359	468686.000	-16867480.000
18.318	0.000	403.139	65.541	412115.300	-15812330.000
18.903	0.000	403.129	70.009	378162.200	-14788520.000
19.456	0.000	403.122	74.781	357266.800	-13859870.000
20.002	0.000	403.114	79.878	334551.100	-12994990.000
20.495	0.000	403.107	85.323	297771.800	-12167120.000
20.962	0.000	403.101	91.139	274491.500	-11408300.000
21.404	0.000	403.095	97.352	256476.600	-10683130.000
21.833	0.000	403.089	103.987	231017.900	-10005100.000
22.227	0.000	403.084	111.076	216026.100	-9382380.000
22.607	0.000	403.078	118.647	199991.800	-8788965.000
22.977	0.000	403.074	126.735	184051.200	-8233634.000
23.321	0.000	403.068	135.373	169626.900	-7711156.000
23.658	0.000	403.063	144.601	141148.100	-7227499.000
23.983	0.000	403.059	154.458	140965.500	-6758824.000
24.292	0.000	403.054	164.986	136307.900	-6347722.000
24.592	0.000	403.051	176.232	123649.700	-5949425.000
24.893	0.000	403.046	188.245	116560.000	-5568353.000
25.229	0.000	403.043	201.077	108419.800	-5219600.000
25.534	0.000	403.038	214.783	98136.840	-4891227.000
25.832	0.000	403.034	229.423	93423.800	-4581630.000
26.121	0.000	403.030	245.062	84430.660	-4289761.000
26.419	0.000	403.025	261.766	77685.440	-4020052.000
26.721	0.000	403.021	279.609	72680.270	-3767017.000
27.007	0.000	403.017	298.669	68921.730	-3529248.000
27.326	0.000	403.012	319.027	63802.370	-3306613.000
27.621	0.000	403.008	340.773	59239.690	-3096672.000
27.872	0.000	403.004	364.002	55427.310	-2901853.000
28.138	0.000	403.001	388.814	51791.370	-2718384.000
28.370	0.000	402.997	415.317	47791.060	-2546290.000
28.621	0.000	402.994	443.627	44441.530	-2385921.000
28.894	0.000	402.990	473.866	40905.040	-2235350.000
29.129	0.000	402.987	506.167	38542.920	-2093358.000
29.340	0.000	402.983	540.670	35983.630	-1961750.000
29.574	0.000	402.980	577.524	33528.090	-1837941.000
29.803	0.000	402.976	616.890	31130.260	-1721289.000
30.024	0.000	402.973	658.940	28923.610	-1613419.000
30.248	0.000	402.971	703.857	26840.950	-1511395.000
30.540	0.000	402.967	751.834	25019.220	-1415762.000
30.775	0.000	402.963	803.083	23680.530	-1326395.000
30.951	0.000	402.961	857.824	22269.720	-1242591.000
31.159	0.000	402.959	916.297	20539.440	-1164281.000
31.345	0.000	402.955	978.756	19131.840	-1090502.000
31.878	0.000	402.947	1045.472	17765.600	-1021882.000
32.365	0.000	402.940	1116.736	16443.450	-957289.200
32.823	0.000	402.934	1192.857	15578.090	-896762.000
33.258	0.000	402.927	1274.167	14590.810	-840188.900
33.669	0.000	402.921	1361.020	13641.540	-787141.000
34.074	0.000	402.916	1453.793	12608.060	-737618.000
34.487	0.000	402.912	1552.890	11895.280	-690954.000
34.857	0.000	402.906	1658.741	11135.550	-647359.000
35.229	0.000	402.902	1771.808	10402.190	-606367.600
35.617	0.000	402.896	1892.582	9729.037	-568135.100
35.989	0.000	402.891	2021.589	9180.275	-532201.400
36.337	0.000	402.886	2159.389	8539.140	-498677.600
36.647	0.000	402.882	2306.582	7994.519	-467079.800
36.991	0.000	402.877	2463.808	7497.923	-437606.900
37.334	0.000	402.874	2631.752	7010.169	-410045.100
37.618	0.000	402.869	2811.143	6616.505	-384134.200
37.919	0.000	402.865	3002.763	6178.865	-359882.800
38.190	0.000	402.861	3207.444	5762.097	-337113.100
38.453	0.000	402.858	3426.077	5380.694	-315785.500
38.731	0.000	402.855	3659.613	5126.573	-295900.400
39.020	0.000	402.851	3909.068	4708.172	-277140.000
39.449	0.000	402.847	4175.526	4471.995	-259702.800
39.801	0.000	402.842	4460.148	4169.917	-243308.600
40.194	0.000	402.837	4764.171	3926.761	-227936.600
40.551	0.000	402.833	5088.917	3678.940	-213578.600
40.943	0.000	402.828	5435.799	3418.933	-200081.900
41.320	0.000	402.824	5806.326	3277.356	-187449.300
41.602	0.000	402.820	6202.110	3022.037	-175598.500
41.928	0.000	402.817	6624.872	2892.280	-164484.000
42.182	0.000	402.813	7076.452	2700.331	-154118.200
42.428	0.000	402.810	7558.813	2559.166	-144381.200
42.756	0.000	402.808	8074.054	2357.030	-135286.600
43.059	0.000	402.804	8624.416	2200.462	-126683.300
43.325	0.000	402.801	9212.292	2076.181	-118741.900
43.618	0.000	402.798	9840.241	1973.611	-111164.200
43.892	0.000	402.795	10510.994	1837.415	-104188.600
44.262	0.000	402.792	11227.468	1732.129	-97636.950
44.524	0.000	402.789	11992.780	1627.602	-91468.490
44.773	0.000	402.786	12810.259	1530.840	-85688.740
45.140	0.000	402.783	13683.461	1437.799	-80269.340
45.420	0.000	402.780	14616.184	1347.607	-75215.980
45.678	0.000	402.777	15612.485	1282.176	-70467.410
45.947	0.000	402.775	16676.698	1198.932	-66016.460
46.177	0.000	402.773	17813.453	1131.770	-61853.860
46.441	0.000	402.771	19027.694	1070.158	-57950.810
46.691	0.000	402.768	20324.702	1008.291	-54285.340
46.983	0.000	402.766	21710.121	950.134	-50867.160
47.268	0.000	402.764	23189.975	893.426	-47638.730
47.561	0.000	402.761	24770.702	850.612	-44641.950
47.911	0.000	402.759	26459.178	796.324	-41817.900
48.184	0.000	402.756	28262.749	750.596	-39184.370
48.449	0.000	402.753	30189.258	694.979	-36721.850
48.675	0.000	402.752	32247.086	660.973	-34392.560
48.921	0.000	402.750	34445.185	625.488	-32224.670
49.147	0.000	402.748	36793.115	593.244	-30202.810
49.421	0.000	402.747	39301.090	555.442	-28288.710
49.693	0.000	402.744	41980.020	524.721	-26504.830
50.059	0.000	402.742	44841.556	494.302	-24837.330
50.498	0.000	402.739	47898.147	466.589	-23269.210
50.917	0.000	402.736	51163.089	440.303	-21804.140
51.197	0.000	402.735	54650.583	417.323	-20429.580
51.583	0.000	402.732	58375.799	392.430	-19142.840
51.865	0.000	402.730	62354.942	379.943	-17920.990
52.322	0.000	402.728	66605.320	352.061	-16804.590
52.625	0.000	402.727	71145.421	331.179	-15741.670
52.928	0.000	402.726	75994.996	311.206	-14756.200
53.245	0.000	402.724	81175.138	292.994	-13823.260
53.565	0.000	402.723	86708.381	276.225	-12948.000
53.866	0.000	402.722	92618.793	260.000	-12135.580
54.141	0.000	402.721	98932.084	247.578	-11368.450
54.450	0.000	402.719	105675.715	226.800	-10662.200
54.753	0.000	402.719	112879.022	215.728	-9986.414
55.079	0.000	402.717	120573.336	216.104	-9353.487
55.484	0.000	402.716	128792.127	209.431	-8768.238
55.781	0.000	402.715	137571.146	185.094	-8213.664
56.187	0.000	402.714	146948.581	175.177	-7694.393
56.498	0.000	402.713	156965.221	166.975	-7212.557
56.745	0.000	402.713	167664.638	159.234	-6756.873
57.031	0.000	402.712	179093.373	149.725	-6328.959
57.363	0.000	402.712	191301.139	142.530	-5931.458
57.664	0.000	402.711	204341.039	134.613	-5556.467
57.980	0.000	402.711	218269.793	129.092	-5206.829
58.319	0.000	402.710	233147.990	125.061	-4870.399
58.594	0.000	402.710	249040.349	116.314	-4570.835
58.863	0.000	402.710	266015.998	110.478	-4281.604
59.149	0.000	402.710	284148.780	105.988	-4011.746
59.414	0.000	402.710	303517.570	98.811	-3758.948
59.859	0.000	402.710	324206.618	94.039	-3521.418
60.176	0.000	402.710	346305.920	89.132	-3297.682
60.509	0.000	402.710	369911.605	85.733	-3089.616
60.758	0.000	402.710	395126.353	82.706	-2894.475
61.050	0.000	402.710	422059.846	78.146	-2711.578
61.331	0.000	402.710	450829.241	74.763	-2539.956
61.654	0.000	402.710	481559.679	71.186	-2378.689
61.971	0.000	402.711	514384.835	67.978	-2227.417
62.250	0.000	402.711	549447.493	65.545	-2086.695
62.507	0.000	402.711	586900.171	62.741	-1953.790
62.808	0.000	402.712	626905.783	60.232	-1829.815
63.150	0.000	402.712	669638.348	57.728	-1712.754
63.423	0.000	402.713	715283.746	55.326	-1603.968
63.727	0.000	402.713	764040.529	55.318	-1503.526
63.980	0.000	402.714	816120.781	52.205	-1405.692
64.274	0.000	402.714	871751.044	49.741	-1315.398
64.553	0.000	402.715	931173.304	47.921	-1230.730
64.876	0.000	402.715	994646.037	45.989	-1151.349
65.161	0.000	402.716	1062445.341	3.596	-1071.650
65.439	0.000	402.717	1134866.134	3.025	-1001.689
65.830	0.000	402.718	1212223.437	2.749	-935.309
66.163	0.000	402.719	1294853.743	0.704	-875.552
66.545	0.000	402.719	1383116.481	-0.252	-818.054
66.929	0.000	402.721	1477395.584	-2.028	-763.019
67.402	0.000	402.722	1578101.150	-3.128	-711.569
67.699	0.000	402.723	1685671.237	-3.481	-663.497
67.985	0.000	402.724	1800573.758	-4.462	-617.966
68.349	0.000	402.726	1923308.524	-5.136	-575.220
68.613	0.000	402.726	2054409.414	-5.765	-534.676
68.980	0.000	402.727	2194446.698	-6.157	-496.539
69.310	0.000	402.729	2344029.518	-6.376	-460.547
69.598	0.000	402.730	2503808.540	-7.008	-426.699
69.911	0.000	402.731	2674478.780	-7.244	-394.319
70.329	0.000	402.732	2856782.629	-7.603	-363.942
70.653	0.000	402.733	3051513.084	-7.630	-334.904
70.971	0.000	402.735	3259517.196	-7.572	-307.601
71.250	0.000	402.736	3481699.752	-7.463	-281.279
71.584	0.000	402.737	3719027.216	-7.338	-256.532
71.915	0.000	402.738	3972531.929	-6.704	-232.689
72.229	0.000	402.739	4243316.602	-5.977	-210.860
72.526	0.000	402.740	4532559.110	-5.618	-189.875
72.836	0.000	402.741	4841517.618	-5.533	-169.103
73.110	0.000	402.743	5171536.051	-4.812	-149.279
73.493	0.000	402.744	5524049.945	-4.117	-130.465
73.746	0.000	402.745	5900592.685	-3.084	-112.366
74.070	0.000	402.746	6302802.180	-1.848	-95.192
74.331	0.000	402.747	6732427.985	-0.579	-78.868
74.612	0.000	402.748	7191338.911	0.796	-63.167
74.920	0.000	402.749	7681531.159	2.507	-48.238
75.291	0.000	402.751	8205136.995	4.365	-34.545
75.595	0.000	402.752	8764434.032	6.238	-21.533
75.910	0.000	402.753	9361855.135	8.171	-9.506
76.242	0.000	402.754	9999999.000	10.216	1.439
