Time (s)	Light (A)	T (K)	f (Hz)	R (Ohm)	X (Ohm)
1.472	0.000	407.379	20.000	1399562.000	-51879300.000
2.853	0.000	407.360	21.363	2011402.000	-46936350.000
4.150	0.000	407.342	22.819	1754565.000	-44203920.000
5.371	0.000	407.324	24.375	1748081.000	-41378240.000
6.514	0.000	407.308	26.036	1532886.000	-38724920.000
7.590	0.000	407.293	27.811	1396120.000	-36251080.000
8.603	0.000	407.279	29.707	1237573.000	-33946540.000
9.557	0.000	407.266	31.732	1201715.000	-31831380.000
10.453	0.000	407.254	33.895	1080759.000	-29927670.000
11.298	0.000	407.242	36.205	891658.000	-27976650.000
12.103	0.000	407.230	38.673	801545.200	-26234430.000
13.045	0.000	407.217	41.309	769569.900	-24582590.000
13.932	0.000	407.204	44.125	661059.200	-23006300.000
14.766	0.000	407.192	47.133	496946.700	-21587310.000
15.561	0.000	407.180	50.346	510136.700	-20206310.000
16.320	0.000	407.170	53.777	446827.500	-18930230.000
17.018	0.000	407.160	57.443	459891.000	-17780490.000
17.680	0.000	407.151	61.359	467921.800	-16644460.000
18.297	0.000	407.142	65.541	449449.200	-15594640.000
18.881	0.000	407.134	70.009	384655.900	-14613550.000
19.438	0.000	407.127	74.781	357004.400	-13694550.000
19.975	0.000	407.119	79.878	333046.500	-12844020.000
20.467	0.000	407.112	85.323	309018.000	-12024460.000
20.930	0.000	407.105	91.139	283809.700	-11271080.000
21.370	0.000	407.099	97.352	263089.200	-10570670.000
21.789	0.000	407.093	103.987	241440.800	-9896152.000
22.182	0.000	407.087	111.076	220118.700	-9272328.000
22.555	0.000	407.081	118.647	202595.600	-8688950.000
22.909	0.000	407.077	126.735	188835.500	-8139629.000
23.262	0.000	407.072	135.373	176264.100	-7626959.000
23.589	0.000	407.068	144.601	153552.400	-7157771.000
23.911	0.000	407.063	154.458	141621.000	-6683813.000
24.217	0.000	407.059	164.986	138430.600	-6274318.000
24.551	0.000	407.056	176.232	128319.900	-5876988.000
24.835	0.000	407.051	188.245	119017.100	-5506901.000
25.138	0.000	407.047	201.077	109096.000	-5160842.000
25.431	0.000	407.042	214.783	103094.500	-4833778.000
25.744	0.000	407.038	229.423	95224.220	-4530253.000
26.003	0.000	407.034	245.062	85405.160	-4245481.000
26.304	0.000	407.031	261.766	78986.260	-3973716.000
26.601	0.000	407.026	279.609	74391.240	-3724426.000
26.914	0.000	407.022	298.669	70326.210	-3488509.000
27.231	0.000	407.018	319.027	64225.360	-3269702.000
27.550	0.000	407.013	340.773	59950.980	-3061803.000
27.851	0.000	407.009	364.002	55178.630	-2868973.000
28.081	0.000	407.005	388.814	51828.210	-2688884.000
28.349	0.000	407.002	415.317	48135.780	-2518318.000
28.550	0.000	406.998	443.627	44377.980	-2359504.000
28.822	0.000	406.995	473.866	41616.560	-2210712.000
29.059	0.000	406.991	506.167	39021.870	-2070751.000
29.342	0.000	406.988	540.670	36234.970	-1940429.000
29.547	0.000	406.984	577.524	33593.690	-1818274.000
29.824	0.000	406.981	616.890	31315.090	-1703118.000
30.062	0.000	406.977	658.940	29348.800	-1595360.000
30.273	0.000	406.974	703.857	27147.820	-1494152.000
30.527	0.000	406.970	751.834	25462.710	-1400218.000
30.758	0.000	406.967	803.083	23790.620	-1311739.000
30.967	0.000	406.963	857.824	21987.920	-1229227.000
31.173	0.000	406.961	916.297	20915.770	-1151608.000
31.407	0.000	406.957	978.756	19273.610	-1078741.000
31.968	0.000	406.949	1045.472	17767.910	-1010875.000
32.475	0.000	406.942	1116.736	16788.430	-946961.900
32.934	0.000	406.935	1192.857	15382.640	-887187.300
33.368	0.000	406.930	1274.167	14544.680	-831309.000
33.807	0.000	406.924	1361.020	13525.160	-778873.500
34.215	0.000	406.917	1453.793	12424.460	-729538.200
34.610	0.000	406.913	1552.890	11749.380	-683424.600
35.000	0.000	406.907	1658.741	10993.270	-640234.500
35.359	0.000	406.902	1771.808	10288.840	-599785.800
35.743	0.000	406.898	1892.582	9655.938	-561973.200
36.125	0.000	406.893	2021.589	9009.766	-526461.400
36.463	0.000	406.888	2159.389	8424.470	-493185.700
36.786	0.000	406.883	2306.582	7878.291	-462014.400
37.152	0.000	406.879	2463.808	7370.056	-432863.500
37.533	0.000	406.875	2631.752	6846.178	-405533.300
37.880	0.000	406.869	2811.143	6437.181	-379958.700
38.172	0.000	406.865	3002.763	6090.635	-355982.500
38.474	0.000	406.862	3207.444	5664.163	-333433.600
38.739	0.000	406.857	3426.077	5298.603	-312421.700
39.031	0.000	406.854	3659.613	4950.957	-292627.000
39.296	0.000	406.851	3909.068	4597.429	-274179.000
39.681	0.000	406.846	4175.526	4354.617	-256878.600
40.047	0.000	406.841	4460.148	4083.847	-240627.600
40.406	0.000	406.837	4764.171	3874.816	-225437.700
40.751	0.000	406.832	5088.917	3587.752	-211153.200
41.047	0.000	406.829	5435.799	3380.275	-197792.400
41.365	0.000	406.825	5806.326	3162.766	-185327.500
41.707	0.000	406.822	6202.110	3006.166	-173641.100
41.976	0.000	406.818	6624.872	2776.417	-162644.800
42.209	0.000	406.814	7076.452	2610.462	-152423.500
42.525	0.000	406.812	7558.813	2405.531	-142778.000
42.898	0.000	406.807	8074.054	2296.952	-133731.200
43.177	0.000	406.804	8624.416	2139.850	-125328.000
43.454	0.000	406.800	9212.292	2002.569	-117425.700
43.818	0.000	406.798	9840.241	1885.340	-109971.600
44.065	0.000	406.794	10510.994	1790.755	-103030.500
44.306	0.000	406.792	11227.468	1692.482	-96513.300
44.593	0.000	406.789	11992.780	1592.372	-90420.090
44.913	0.000	406.786	12810.259	1502.386	-84720.230
45.215	0.000	406.783	13683.461	1408.762	-79368.770
45.488	0.000	406.780	14616.184	1323.079	-74368.600
45.725	0.000	406.777	15612.485	1243.776	-69670.980
45.997	0.000	406.775	16676.698	1170.343	-65278.660
46.268	0.000	406.773	17813.453	1107.693	-61147.810
46.558	0.000	406.771	19027.694	1043.018	-57294.010
46.895	0.000	406.768	20324.702	983.429	-53677.210
47.177	0.000	406.765	21710.121	940.142	-50286.280
47.412	0.000	406.763	23189.975	873.224	-47111.910
47.674	0.000	406.761	24770.702	827.830	-44140.380
47.916	0.000	406.759	26459.178	775.583	-41348.710
48.254	0.000	406.757	28262.749	734.811	-38740.060
48.498	0.000	406.754	30189.258	698.997	-36298.680
48.759	0.000	406.752	32247.086	647.646	-33994.720
49.055	0.000	406.750	34445.185	614.480	-31857.890
49.325	0.000	406.748	36793.115	580.059	-29852.810
49.623	0.000	406.746	39301.090	549.867	-27968.100
49.922	0.000	406.745	41980.020	515.697	-26200.890
50.339	0.000	406.741	44841.556	487.538	-24550.920
50.744	0.000	406.739	47898.147	458.673	-23004.180
51.190	0.000	406.736	51163.089	431.768	-21551.780
51.495	0.000	406.735	54650.583	412.333	-20197.190
51.876	0.000	406.732	58375.799	380.377	-18920.760
52.165	0.000	406.731	62354.942	369.652	-17709.890
52.575	0.000	406.728	66605.320	343.712	-16612.600
52.899	0.000	406.727	71145.421	325.260	-15560.230
53.201	0.000	406.726	75994.996	307.286	-14578.010
53.486	0.000	406.724	81175.138	282.537	-13659.660
53.806	0.000	406.723	86708.381	273.570	-12801.190
54.096	0.000	406.722	92618.793	256.670	-11997.220
54.383	0.000	406.721	98932.084	245.071	-11238.650
54.742	0.000	406.720	105675.715	218.527	-10542.390
55.028	0.000	406.719	112879.022	218.786	-9872.550
55.335	0.000	406.718	120573.336	204.734	-9246.999
55.689	0.000	406.716	128792.127	194.311	-8678.763
56.019	0.000	406.716	137571.146	183.722	-8118.370
56.385	0.000	406.714	146948.581	172.906	-7606.879
56.683	0.000	406.714	156965.221	164.308	-7131.481
56.946	0.000	406.713	167664.638	155.845	-6677.850
57.226	0.000	406.712	179093.373	147.380	-6257.721
57.553	0.000	406.712	191301.139	142.570	-5861.692
57.838	0.000	406.711	204341.039	133.715	-5492.392
58.131	0.000	406.710	218269.793	128.175	-5145.883
58.432	0.000	406.710	233147.990	124.495	-4810.864
58.791	0.000	406.710	249040.349	115.135	-4517.450
59.095	0.000	406.709	266015.998	110.004	-4232.272
59.359	0.000	406.709	284148.780	104.507	-3965.672
59.602	0.000	406.709	303517.570	99.452	-3715.021
60.058	0.000	406.708	324206.618	93.726	-3481.535
60.370	0.000	406.708	346305.920	89.049	-3260.724
60.687	0.000	406.708	369911.605	85.543	-3054.217
60.933	0.000	406.708	395126.353	82.712	-2862.342
61.224	0.000	406.708	422059.846	77.290	-2680.338
61.511	0.000	406.707	450829.241	74.065	-2510.569
61.820	0.000	406.707	481559.679	70.256	-2351.821
62.158	0.000	406.708	514384.835	67.632	-2202.042
62.422	0.000	406.708	549447.493	64.812	-2062.736
62.706	0.000	406.708	586900.171	62.341	-1931.387
62.973	0.000	406.709	626905.783	59.666	-1809.257
63.298	0.000	406.709	669638.348	57.372	-1693.381
63.549	0.000	406.709	715283.746	55.058	-1585.726
63.885	0.000	406.710	764040.529	55.551	-1485.635
64.163	0.000	406.710	816120.781	52.089	-1389.491
64.463	0.000	406.711	871751.044	49.210	-1300.645
64.781	0.000	406.712	931173.304	47.309	-1216.536
65.062	0.000	406.712	994646.037	45.497	-1138.232
65.371	0.000	406.713	1062445.341	3.359	-1059.491
65.628	0.000	406.714	1134866.134	2.979	-989.971
66.045	0.000	406.714	1212223.437	2.097	-924.796
66.302	0.000	406.715	1294853.743	0.481	-865.564
66.658	0.000	406.716	1383116.481	0.142	-808.597
67.069	0.000	406.717	1477395.584	-1.988	-754.301
67.579	0.000	406.718	1578101.150	-2.864	-703.436
67.885	0.000	406.719	1685671.237	-3.338	-655.754
68.145	0.000	406.720	1800573.758	-4.278	-610.861
68.532	0.000	406.721	1923308.524	-5.003	-568.332
68.859	0.000	406.722	2054409.414	-5.602	-528.418
69.115	0.000	406.723	2194446.698	-5.970	-490.637
69.476	0.000	406.724	2344029.518	-6.264	-455.042
69.770	0.000	406.725	2503808.540	-6.859	-421.516
70.052	0.000	406.726	2674478.780	-7.074	-389.613
70.478	0.000	406.727	2856782.629	-7.393	-359.475
70.814	0.000	406.728	3051513.084	-7.371	-330.751
71.065	0.000	406.729	3259517.196	-7.338	-303.796
71.333	0.000	406.730	3481699.752	-7.303	-277.800
71.650	0.000	406.731	3719027.216	-7.139	-253.214
71.937	0.000	406.732	3972531.929	-6.539	-229.660
72.238	0.000	406.733	4243316.602	-5.755	-207.857
72.571	0.000	406.734	4532559.110	-5.337	-187.113
72.855	0.000	406.735	4841517.618	-5.329	-166.570
73.103	0.000	406.736	5171536.051	-4.637	-146.993
73.552	0.000	406.738	5524049.945	-3.865	-128.399
73.807	0.000	406.739	5900592.685	-2.863	-110.450
74.126	0.000	406.740	6302802.180	-1.628	-93.462
74.434	0.000	406.741	6732427.985	-0.376	-77.275
74.690	0.000	406.742	7191338.911	1.002	-61.748
74.996	0.000	406.743	7681531.159	2.688	-46.978
75.265	0.000	406.744	8205136.995	4.606	-33.390
75.563	0.000	406.745	8764434.032	6.413	-20.485
75.852	0.000	406.746	9361855.135	8.348	-8.605
76.201	0.000	406.747	9999999.000	10.384	2.210
