Time (s)	Light (A)	T (K)	f (Hz)	R (Ohm)	X (Ohm)
1.470	0.000	409.369	20.000	594322.200	-49604020.000
2.851	0.000	409.349	21.363	2232200.000	-46782380.000
4.146	0.000	409.331	22.819	1956150.000	-43808700.000
5.366	0.000	409.313	24.375	1814786.000	-41089940.000
6.510	0.000	409.297	26.036	1603237.000	-38463390.000
7.588	0.000	409.281	27.811	1493755.000	-36024780.000
8.627	0.000	409.266	29.707	1300435.000	-33757160.000
9.594	0.000	409.252	31.732	1184349.000	-31731050.000
10.492	0.000	409.240	33.895	996919.200	-29698070.000
11.333	0.000	409.228	36.205	1000829.000	-27729640.000
12.138	0.000	409.217	38.673	893860.900	-26020570.000
13.082	0.000	409.204	41.309	791059.300	-24418600.000
13.969	0.000	409.190	44.125	652201.000	-22833040.000
14.804	0.000	409.179	47.133	544650.800	-21415170.000
15.590	0.000	409.168	50.346	532106.000	-20032130.000
16.330	0.000	409.157	53.777	476929.800	-18810190.000
17.027	0.000	409.147	57.443	478934.000	-17662770.000
17.685	0.000	409.137	61.359	475820.000	-16552550.000
18.303	0.000	409.129	65.541	431226.300	-15490990.000
18.890	0.000	409.121	70.009	397236.300	-14535960.000
19.442	0.000	409.113	74.781	361857.700	-13619720.000
19.981	0.000	409.105	79.878	358680.000	-12755950.000
20.474	0.000	409.098	85.323	319357.200	-11947370.000
20.941	0.000	409.091	91.139	294093.500	-11204480.000
21.382	0.000	409.084	97.352	268491.600	-10500880.000
21.812	0.000	409.078	103.987	249548.600	-9828163.000
22.207	0.000	409.072	111.076	228056.900	-9217910.000
22.583	0.000	409.066	118.647	209776.000	-8633749.000
22.958	0.000	409.062	126.735	194107.700	-8092700.000
23.305	0.000	409.056	135.373	180063.500	-7583072.000
23.669	0.000	409.051	144.601	170316.900	-7091473.000
23.976	0.000	409.046	154.458	163037.200	-6646380.000
24.281	0.000	409.043	164.986	140393.100	-6234952.000
24.629	0.000	409.038	176.232	134524.700	-5842065.000
24.922	0.000	409.034	188.245	120182.800	-5474056.000
25.219	0.000	409.029	201.077	111552.900	-5130790.000
25.517	0.000	409.026	214.783	104338.600	-4804058.000
25.817	0.000	409.021	229.423	97184.950	-4502137.000
26.070	0.000	409.018	245.062	91045.190	-4219324.000
26.393	0.000	409.013	261.766	83270.750	-3953432.000
26.680	0.000	409.009	279.609	76038.360	-3701355.000
26.999	0.000	409.005	298.669	70721.920	-3468284.000
27.259	0.000	409.000	319.027	65102.280	-3249353.000
27.561	0.000	408.997	340.773	60687.780	-3044670.000
27.862	0.000	408.994	364.002	56319.750	-2852501.000
28.164	0.000	408.989	388.814	51903.220	-2671785.000
28.463	0.000	408.985	415.317	48102.150	-2503377.000
28.685	0.000	408.981	443.627	45113.690	-2345703.000
28.963	0.000	408.978	473.866	42331.980	-2197657.000
29.157	0.000	408.974	506.167	38648.620	-2059664.000
29.432	0.000	408.971	540.670	36065.170	-1928969.000
29.667	0.000	408.968	577.524	33974.400	-1806653.000
29.935	0.000	408.964	616.890	31621.150	-1692982.000
30.124	0.000	408.961	658.940	28954.520	-1585886.000
30.398	0.000	408.957	703.857	27264.310	-1485809.000
30.627	0.000	408.954	751.834	25421.810	-1392227.000
30.820	0.000	408.950	803.083	23311.030	-1304112.000
31.063	0.000	408.948	857.824	22236.850	-1221518.000
31.267	0.000	408.945	916.297	20660.720	-1144722.000
31.464	0.000	408.942	978.756	19206.760	-1072530.000
31.982	0.000	408.934	1045.472	17843.950	-1005151.000
32.502	0.000	408.928	1116.736	16488.030	-941526.700
32.959	0.000	408.921	1192.857	15414.660	-882153.200
33.394	0.000	408.915	1274.167	14437.090	-826279.200
33.804	0.000	408.910	1361.020	13460.040	-774121.600
34.232	0.000	408.904	1453.793	12703.780	-725329.500
34.610	0.000	408.899	1552.890	11823.020	-679491.900
35.004	0.000	408.893	1658.741	10973.760	-636618.700
35.369	0.000	408.889	1771.808	10182.440	-596368.900
35.742	0.000	408.883	1892.582	9505.189	-558754.000
36.099	0.000	408.879	2021.589	8929.394	-523462.100
36.439	0.000	408.873	2159.389	8380.622	-490318.400
36.766	0.000	408.870	2306.582	7844.628	-459384.900
37.082	0.000	408.866	2463.808	7337.683	-430313.000
37.479	0.000	408.862	2631.752	6885.149	-403154.300
37.838	0.000	408.856	2811.143	6424.173	-377755.800
38.136	0.000	408.852	3002.763	5972.110	-353833.500
38.451	0.000	408.848	3207.444	5650.545	-331489.900
38.727	0.000	408.845	3426.077	5281.495	-310539.500
39.008	0.000	408.841	3659.613	4906.166	-290933.400
39.332	0.000	408.838	3909.068	4640.213	-272528.600
39.689	0.000	408.833	4175.526	4325.238	-255335.200
40.039	0.000	408.829	4460.148	4044.599	-239213.600
40.408	0.000	408.825	4764.171	3796.256	-224086.600
40.706	0.000	408.821	5088.917	3530.667	-209943.300
41.013	0.000	408.818	5435.799	3308.231	-196706.900
41.294	0.000	408.814	5806.326	3109.143	-184308.300
41.600	0.000	408.811	6202.110	2903.952	-172644.900
41.855	0.000	408.807	6624.872	2763.092	-161743.100
42.177	0.000	408.804	7076.452	2541.653	-151521.500
42.412	0.000	408.801	7558.813	2427.905	-141941.400
42.785	0.000	408.798	8074.054	2267.403	-132938.200
43.093	0.000	408.794	8624.416	2105.495	-124505.900
43.413	0.000	408.791	9212.292	1973.340	-116666.500
43.676	0.000	408.788	9840.241	1873.899	-109332.100
43.936	0.000	408.785	10510.994	1783.184	-102406.200
44.286	0.000	408.783	11227.468	1676.936	-95938.660
44.520	0.000	408.779	11992.780	1577.085	-89865.520
44.781	0.000	408.776	12810.259	1482.657	-84215.560
45.030	0.000	408.774	13683.461	1392.825	-78892.450
45.310	0.000	408.772	14616.184	1320.334	-73905.710
45.598	0.000	408.770	15612.485	1245.454	-69237.180
45.861	0.000	408.767	16676.698	1171.400	-64868.090
46.116	0.000	408.765	17813.453	1105.003	-60778.200
46.435	0.000	408.762	19027.694	1037.684	-56944.140
46.704	0.000	408.760	20324.702	970.804	-53339.090
46.980	0.000	408.758	21710.121	919.845	-49986.040
47.228	0.000	408.755	23189.975	868.910	-46813.370
47.531	0.000	408.753	24770.702	820.998	-43874.840
47.822	0.000	408.751	26459.178	775.671	-41090.350
48.060	0.000	408.749	28262.749	721.671	-38493.340
48.309	0.000	408.747	30189.258	690.447	-36080.250
48.562	0.000	408.745	32247.086	644.101	-33793.110
48.876	0.000	408.743	34445.185	609.326	-31667.180
49.145	0.000	408.741	36793.115	568.211	-29676.040
49.412	0.000	408.739	39301.090	536.858	-27798.820
49.634	0.000	408.738	41980.020	509.322	-26043.300
50.064	0.000	408.736	44841.556	478.211	-24405.270
50.479	0.000	408.733	47898.147	453.524	-22862.730
50.944	0.000	408.730	51163.089	424.890	-21423.650
51.262	0.000	408.728	54650.583	403.386	-20068.780
51.643	0.000	408.726	58375.799	375.872	-18802.920
51.918	0.000	408.725	62354.942	381.193	-17625.330
52.344	0.000	408.723	66605.320	336.217	-16508.610
52.665	0.000	408.722	71145.421	320.273	-15467.600
52.934	0.000	408.721	75994.996	302.814	-14494.120
53.233	0.000	408.719	81175.138	285.427	-13583.670
53.522	0.000	408.718	86708.381	268.545	-12723.870
53.813	0.000	408.717	92618.793	254.716	-11917.340
54.071	0.000	408.716	98932.084	234.964	-11169.230
54.392	0.000	408.715	105675.715	217.091	-10481.460
54.718	0.000	408.714	112879.022	205.962	-9811.305
55.004	0.000	408.713	120573.336	188.359	-9186.503
55.316	0.000	408.712	128792.127	195.193	-8596.313
55.605	0.000	408.712	137571.146	180.899	-8066.936
56.011	0.000	408.710	146948.581	170.410	-7558.021
56.286	0.000	408.710	156965.221	164.081	-7082.347
56.530	0.000	408.709	167664.638	154.242	-6634.992
56.898	0.000	408.709	179093.373	147.437	-6216.725
57.214	0.000	408.708	191301.139	139.682	-5824.545
57.512	0.000	408.708	204341.039	132.119	-5457.479
57.789	0.000	408.708	218269.793	126.472	-5113.073
58.159	0.000	408.708	233147.990	114.005	-4801.465
58.409	0.000	408.708	249040.349	115.273	-4488.330
58.723	0.000	408.708	266015.998	108.660	-4205.012
58.995	0.000	408.707	284148.780	104.277	-3940.735
59.244	0.000	408.707	303517.570	98.844	-3691.101
59.685	0.000	408.707	324206.618	92.444	-3457.405
59.948	0.000	408.707	346305.920	88.788	-3239.162
60.247	0.000	408.707	369911.605	84.820	-3034.351
60.523	0.000	408.707	395126.353	81.372	-2843.052
60.779	0.000	408.707	422059.846	77.342	-2663.810
61.074	0.000	408.707	450829.241	73.994	-2494.826
61.392	0.000	408.708	481559.679	70.300	-2337.059
61.653	0.000	408.708	514384.835	67.751	-2188.552
61.953	0.000	408.708	549447.493	64.719	-2049.928
62.225	0.000	408.709	586900.171	61.908	-1918.883
62.538	0.000	408.709	626905.783	59.787	-1797.297
62.887	0.000	408.709	669638.348	57.146	-1682.592
63.180	0.000	408.710	715283.746	54.895	-1575.322
63.441	0.000	408.711	764040.529	52.244	-1473.900
63.732	0.000	408.711	816120.781	51.999	-1380.624
63.993	0.000	408.712	871751.044	49.319	-1292.524
64.281	0.000	408.712	931173.304	47.600	-1208.865
64.550	0.000	408.713	994646.037	45.412	-1130.844
64.796	0.000	408.714	1062445.341	3.866	-1052.796
65.108	0.000	408.715	1134866.134	3.463	-983.847
65.537	0.000	408.716	1212223.437	2.641	-918.905
65.842	0.000	408.717	1294853.743	0.919	-860.098
66.238	0.000	408.717	1383116.481	0.290	-803.231
66.620	0.000	408.719	1477395.584	-1.756	-749.673
67.124	0.000	408.719	1578101.150	-2.611	-698.949
67.456	0.000	408.720	1685671.237	-3.078	-651.427
67.718	0.000	408.721	1800573.758	-4.058	-606.886
68.086	0.000	408.723	1923308.524	-4.788	-564.752
68.388	0.000	408.723	2054409.414	-5.345	-525.080
68.671	0.000	408.724	2194446.698	-5.770	-487.524
68.985	0.000	408.725	2344029.518	-5.999	-452.148
69.259	0.000	408.726	2503808.540	-6.672	-418.871
69.513	0.000	408.727	2674478.780	-6.868	-387.091
69.930	0.000	408.728	2856782.629	-7.173	-357.139
70.188	0.000	408.729	3051513.084	-7.185	-328.537
70.490	0.000	408.730	3259517.196	-7.191	-301.735
70.778	0.000	408.731	3481699.752	-7.092	-275.919
71.105	0.000	408.732	3719027.216	-7.023	-251.530
71.389	0.000	408.733	3972531.929	-6.424	-228.057
71.706	0.000	408.734	4243316.602	-5.599	-206.261
71.954	0.000	408.735	4532559.110	-5.130	-185.698
72.242	0.000	408.736	4841517.618	-5.194	-165.310
72.540	0.000	408.737	5171536.051	-4.507	-145.828
73.002	0.000	408.739	5524049.945	-3.695	-127.303
73.332	0.000	408.740	5900592.685	-2.711	-109.469
73.634	0.000	408.741	6302802.180	-1.486	-92.580
73.953	0.000	408.742	6732427.985	-0.248	-76.475
74.304	0.000	408.743	7191338.911	1.144	-61.021
74.630	0.000	408.745	7681531.159	2.805	-46.337
74.947	0.000	408.746	8205136.995	4.735	-32.782
75.281	0.000	408.747	8764434.032	6.512	-19.961
75.586	0.000	408.748	9361855.135	8.450	-8.142
75.859	0.000	408.749	9999999.000	10.482	2.605
