Time (s)	Light (A)	T (K)	f (Hz)	R (Ohm)	X (Ohm)
1.473	0.000	411.374	20.000	627377.200	-49794570.000
2.855	0.000	411.354	21.363	2170687.000	-46447420.000
4.180	0.000	411.336	22.819	2008425.000	-43559930.000
5.400	0.000	411.318	24.375	1732673.000	-40758490.000
6.546	0.000	411.302	26.036	1583079.000	-38220190.000
7.637	0.000	411.287	27.811	1502977.000	-35846830.000
8.665	0.000	411.272	29.707	1272797.000	-33618400.000
9.616	0.000	411.258	31.732	1147328.000	-31439250.000
10.513	0.000	411.246	33.895	1081001.000	-29454490.000
11.369	0.000	411.234	36.205	1029412.000	-27660400.000
12.173	0.000	411.222	38.673	887394.800	-25934350.000
13.114	0.000	411.208	41.309	831275.900	-24273170.000
14.001	0.000	411.197	44.125	677510.900	-22754920.000
14.837	0.000	411.184	47.133	588475.200	-21300730.000
15.623	0.000	411.174	50.346	443887.800	-19909560.000
16.364	0.000	411.163	53.777	499764.700	-18709560.000
17.061	0.000	411.153	57.443	528534.800	-17568120.000
17.716	0.000	411.144	61.359	509712.800	-16460390.000
18.336	0.000	411.135	65.541	443784.900	-15426160.000
18.919	0.000	411.127	70.009	420454.100	-14438150.000
19.472	0.000	411.119	74.781	383956.700	-13531170.000
19.996	0.000	411.112	79.878	340790.800	-12694310.000
20.491	0.000	411.105	85.323	321967.800	-11889200.000
20.957	0.000	411.098	91.139	284939.900	-11140810.000
21.397	0.000	411.092	97.352	280488.600	-10434720.000
21.822	0.000	411.087	103.987	252204.900	-9773579.000
22.216	0.000	411.081	111.076	234060.800	-9162076.000
22.606	0.000	411.075	118.647	213837.000	-8581681.000
22.995	0.000	411.069	126.735	196639.200	-8044486.000
23.350	0.000	411.065	135.373	178821.400	-7536008.000
23.688	0.000	411.060	144.601	162773.900	-7074974.000
24.027	0.000	411.056	154.458	141157.100	-6614292.000
24.344	0.000	411.051	164.986	140642.500	-6199632.000
24.646	0.000	411.046	176.232	132382.300	-5805698.000
24.960	0.000	411.042	188.245	123727.300	-5443865.000
25.264	0.000	411.038	201.077	114069.100	-5098498.000
25.563	0.000	411.034	214.783	105660.900	-4778638.000
25.852	0.000	411.031	229.423	97359.480	-4477764.000
26.120	0.000	411.026	245.062	90133.180	-4190947.000
26.381	0.000	411.023	261.766	83114.090	-3927664.000
26.703	0.000	411.018	279.609	76890.060	-3680510.000
26.998	0.000	411.015	298.669	71270.580	-3447883.000
27.302	0.000	411.010	319.027	66128.710	-3231018.000
27.586	0.000	411.006	340.773	61373.920	-3027655.000
27.907	0.000	411.001	364.002	57124.800	-2836330.000
28.205	0.000	410.996	388.814	52931.890	-2657408.000
28.504	0.000	410.991	415.317	49154.580	-2489298.000
28.723	0.000	410.988	443.627	45940.930	-2332527.000
28.934	0.000	410.984	473.866	41945.560	-2184789.000
29.146	0.000	410.982	506.167	39032.240	-2046786.000
29.364	0.000	410.978	540.670	36473.540	-1918071.000
29.594	0.000	410.976	577.524	33480.010	-1796957.000
29.810	0.000	410.972	616.890	31473.000	-1683484.000
30.087	0.000	410.969	658.940	29605.090	-1577344.000
30.316	0.000	410.965	703.857	27284.310	-1477898.000
30.534	0.000	410.962	751.834	25577.260	-1384513.000
30.740	0.000	410.959	803.083	24239.350	-1297010.000
30.965	0.000	410.956	857.824	22328.590	-1215143.000
31.158	0.000	410.952	916.297	20844.580	-1138404.000
31.395	0.000	410.950	978.756	19472.480	-1066653.000
31.916	0.000	410.942	1045.472	18162.010	-999505.000
32.399	0.000	410.935	1116.736	16795.840	-936195.900
32.857	0.000	410.928	1192.857	15680.660	-877155.600
33.303	0.000	410.922	1274.167	14536.330	-821957.300
33.732	0.000	410.916	1361.020	13603.030	-769900.700
34.122	0.000	410.911	1453.793	12717.970	-721176.800
34.499	0.000	410.905	1552.890	11941.150	-675817.500
34.901	0.000	410.901	1658.741	11106.400	-633139.200
35.282	0.000	410.896	1771.808	10334.220	-593117.300
35.656	0.000	410.890	1892.582	9772.552	-555659.700
36.013	0.000	410.886	2021.589	9069.812	-520608.700
36.341	0.000	410.882	2159.389	8462.325	-487676.200
36.674	0.000	410.877	2306.582	7963.052	-456940.900
37.033	0.000	410.873	2463.808	7463.020	-428007.700
37.351	0.000	410.869	2631.752	6956.629	-401025.800
37.681	0.000	410.864	2811.143	6484.779	-375703.600
37.968	0.000	410.860	3002.763	6061.736	-351910.700
38.270	0.000	410.857	3207.444	5679.613	-329695.800
38.514	0.000	410.853	3426.077	5288.397	-308851.300
38.828	0.000	410.850	3659.613	4962.366	-289333.900
39.110	0.000	410.846	3909.068	4596.869	-271067.800
39.466	0.000	410.842	4175.526	4324.078	-253949.300
39.805	0.000	410.837	4460.148	4057.960	-237892.300
40.117	0.000	410.832	4764.171	3821.057	-222906.800
40.403	0.000	410.829	5088.917	3578.996	-208781.300
40.739	0.000	410.825	5435.799	3328.693	-195634.300
41.032	0.000	410.821	5806.326	3130.677	-183260.700
41.325	0.000	410.818	6202.110	2941.439	-171745.000
41.568	0.000	410.815	6624.872	2795.461	-160842.800
41.895	0.000	410.812	7076.452	2616.559	-150673.600
42.146	0.000	410.808	7558.813	2440.653	-141146.100
42.505	0.000	410.804	8074.054	2316.310	-132312.300
42.783	0.000	410.801	8624.416	2094.303	-123924.800
43.118	0.000	410.797	9212.292	2025.183	-116026.600
43.430	0.000	410.793	9840.241	1885.585	-108740.300
43.693	0.000	410.791	10510.994	1769.848	-101871.400
43.973	0.000	410.788	11227.468	1673.348	-95435.340
44.245	0.000	410.785	11992.780	1558.686	-89410.200
44.504	0.000	410.782	12810.259	1483.325	-83763.970
44.783	0.000	410.780	13683.461	1392.515	-78473.680
45.116	0.000	410.776	14616.184	1311.689	-73519.650
45.388	0.000	410.773	15612.485	1228.859	-68886.280
45.731	0.000	410.771	16676.698	1155.430	-64530.140
46.014	0.000	410.767	17813.453	1099.240	-60458.570
46.253	0.000	410.765	19027.694	1029.167	-56639.220
46.495	0.000	410.763	20324.702	970.939	-53069.980
46.751	0.000	410.760	21710.121	914.640	-49717.860
47.050	0.000	410.758	23189.975	857.018	-46575.290
47.339	0.000	410.755	24770.702	811.409	-43631.030
47.592	0.000	410.753	26459.178	768.040	-40876.660
47.859	0.000	410.751	28262.749	716.557	-38297.940
48.138	0.000	410.748	30189.258	676.698	-35878.250
48.447	0.000	410.746	32247.086	642.393	-33611.060
48.675	0.000	410.744	34445.185	608.866	-31498.510
48.934	0.000	410.742	36793.115	570.938	-29512.640
49.161	0.000	410.740	39301.090	536.482	-27643.030
49.448	0.000	410.738	41980.020	503.582	-25904.230
49.887	0.000	410.735	44841.556	476.310	-24273.290
50.262	0.000	410.732	47898.147	449.139	-22740.560
50.716	0.000	410.729	51163.089	423.401	-21307.230
51.037	0.000	410.727	54650.583	398.810	-19956.590
51.434	0.000	410.725	58375.799	381.090	-18712.540
51.703	0.000	410.723	62354.942	363.123	-17544.430
52.137	0.000	410.721	66605.320	337.089	-16417.410
52.512	0.000	410.719	71145.421	318.776	-15382.560
52.844	0.000	410.717	75994.996	303.971	-14417.830
53.111	0.000	410.716	81175.138	290.718	-13510.530
53.449	0.000	410.714	86708.381	268.164	-12655.110
53.740	0.000	410.714	92618.793	249.069	-11856.190
54.009	0.000	410.712	98932.084	241.233	-11105.510
54.318	0.000	410.711	105675.715	236.435	-10420.590
54.608	0.000	410.710	112879.022	215.202	-9750.248
54.926	0.000	410.709	120573.336	202.678	-9139.043
55.232	0.000	410.708	128792.127	192.526	-8556.589
55.522	0.000	410.708	137571.146	180.519	-8022.658
55.967	0.000	410.707	146948.581	171.319	-7517.515
56.226	0.000	410.706	156965.221	160.337	-7043.115
56.504	0.000	410.705	167664.638	152.607	-6598.265
56.804	0.000	410.705	179093.373	145.112	-6182.521
57.105	0.000	410.704	191301.139	137.359	-5791.128
57.442	0.000	410.704	204341.039	132.106	-5427.751
57.741	0.000	410.704	218269.793	126.922	-5084.326
58.024	0.000	410.704	233147.990	126.203	-4765.484
58.345	0.000	410.704	249040.349	114.854	-4464.223
58.711	0.000	410.703	266015.998	109.181	-4183.015
59.005	0.000	410.703	284148.780	104.303	-3918.992
59.290	0.000	410.702	303517.570	98.773	-3671.908
59.752	0.000	410.702	324206.618	94.398	-3440.052
60.024	0.000	410.702	346305.920	89.482	-3221.730
60.374	0.000	410.702	369911.605	85.106	-3018.887
60.675	0.000	410.702	395126.353	82.327	-2828.213
60.965	0.000	410.702	422059.846	77.687	-2649.504
61.289	0.000	410.702	450829.241	73.961	-2481.861
61.641	0.000	410.702	481559.679	70.679	-2324.728
61.943	0.000	410.703	514384.835	67.313	-2176.779
62.206	0.000	410.703	549447.493	64.562	-2038.744
62.494	0.000	410.703	586900.171	62.014	-1909.465
62.737	0.000	410.703	626905.783	59.627	-1788.071
63.038	0.000	410.704	669638.348	57.419	-1673.903
63.298	0.000	410.704	715283.746	54.736	-1567.381
63.590	0.000	410.705	764040.529	55.359	-1464.387
63.846	0.000	410.705	816120.781	51.889	-1373.597
64.147	0.000	410.705	871751.044	49.073	-1285.617
64.412	0.000	410.705	931173.304	47.511	-1202.690
64.708	0.000	410.706	994646.037	45.411	-1124.922
64.988	0.000	410.706	1062445.341	3.950	-1047.373
65.295	0.000	410.707	1134866.134	3.278	-978.713
65.769	0.000	410.708	1212223.437	2.478	-914.321
66.078	0.000	410.709	1294853.743	0.936	-855.382
66.393	0.000	410.709	1383116.481	0.238	-799.087
66.859	0.000	410.710	1477395.584	-1.517	-745.591
67.319	0.000	410.711	1578101.150	-2.420	-695.346
67.583	0.000	410.712	1685671.237	-2.929	-648.081
67.879	0.000	410.713	1800573.758	-3.872	-603.646
68.322	0.000	410.714	1923308.524	-4.641	-561.760
68.614	0.000	410.715	2054409.414	-5.252	-522.230
68.922	0.000	410.716	2194446.698	-5.565	-484.811
69.220	0.000	410.717	2344029.518	-5.850	-449.726
69.583	0.000	410.718	2503808.540	-6.456	-416.578
69.891	0.000	410.719	2674478.780	-6.710	-384.865
70.242	0.000	410.720	2856782.629	-7.118	-355.169
70.499	0.000	410.721	3051513.084	-7.052	-326.764
70.766	0.000	410.721	3259517.196	-7.055	-299.976
71.090	0.000	410.723	3481699.752	-6.944	-274.263
71.391	0.000	410.724	3719027.216	-6.863	-250.049
71.681	0.000	410.725	3972531.929	-6.310	-226.725
71.959	0.000	410.726	4243316.602	-5.505	-204.966
72.276	0.000	410.727	4532559.110	-5.037	-184.434
72.562	0.000	410.728	4841517.618	-5.081	-164.195
72.822	0.000	410.729	5171536.051	-4.364	-144.823
73.229	0.000	410.730	5524049.945	-3.561	-126.388
73.511	0.000	410.731	5900592.685	-2.617	-108.618
73.858	0.000	410.732	6302802.180	-1.366	-91.820
74.148	0.000	410.733	6732427.985	-0.144	-75.765
74.474	0.000	410.734	7191338.911	1.245	-60.388
74.741	0.000	410.735	7681531.159	2.899	-45.768
75.043	0.000	410.736	8205136.995	4.830	-32.252
75.400	0.000	410.737	8764434.032	6.604	-19.508
75.758	0.000	410.739	9361855.135	8.539	-7.743
76.047	0.000	410.740	9999999.000	10.569	2.952
