Time (s)	Light (A)	T (K)	f (Hz)	R (Ohm)	X (Ohm)
1.471	0.000	415.375	20.000	1119967.000	-50342110.000
2.851	0.000	415.356	21.363	2172702.000	-46004960.000
4.147	0.000	415.338	22.819	2047679.000	-43201390.000
5.380	0.000	415.322	24.375	1809784.000	-40487650.000
6.526	0.000	415.307	26.036	1591969.000	-37930820.000
7.623	0.000	415.292	27.811	1480424.000	-35483070.000
8.645	0.000	415.278	29.707	1341385.000	-33254750.000
9.598	0.000	415.265	31.732	1304000.000	-31211030.000
10.495	0.000	415.253	33.895	1076742.000	-29288780.000
11.367	0.000	415.241	36.205	997637.100	-27402310.000
12.170	0.000	415.231	38.673	882568.300	-25712110.000
13.115	0.000	415.217	41.309	803780.900	-24084260.000
14.001	0.000	415.204	44.125	687854.400	-22570270.000
14.860	0.000	415.193	47.133	557062.900	-21118260.000
15.647	0.000	415.181	50.346	513860.600	-19832600.000
16.411	0.000	415.170	53.777	498898.100	-18550550.000
17.109	0.000	415.160	57.443	483849.600	-17412670.000
17.767	0.000	415.151	61.359	487235.500	-16327760.000
18.390	0.000	415.142	65.541	469233.200	-15318320.000
18.975	0.000	415.134	70.009	433173.000	-14321620.000
19.528	0.000	415.126	74.781	397636.900	-13423690.000
20.079	0.000	415.119	79.878	356097.100	-12599210.000
20.572	0.000	415.113	85.323	329416.400	-11805020.000
21.039	0.000	415.106	91.139	297010.700	-11061490.000
21.479	0.000	415.099	97.352	285422.400	-10354200.000
21.896	0.000	415.093	103.987	256887.000	-9698611.000
22.309	0.000	415.087	111.076	236623.000	-9091996.000
22.683	0.000	415.082	118.647	215539.200	-8518261.000
23.043	0.000	415.076	126.735	200997.300	-7984925.000
23.397	0.000	415.071	135.373	182827.600	-7479602.000
23.762	0.000	415.067	144.601	158994.400	-7017631.000
24.083	0.000	415.062	154.458	146784.100	-6573229.000
24.420	0.000	415.058	164.986	145550.200	-6151920.000
24.748	0.000	415.053	176.232	134310.500	-5766543.000
25.056	0.000	415.049	188.245	124706.600	-5402425.000
25.359	0.000	415.044	201.077	113279.600	-5060045.000
25.651	0.000	415.041	214.783	107789.000	-4742431.000
25.943	0.000	415.036	229.423	97937.370	-4442363.000
26.226	0.000	415.033	245.062	89592.960	-4159727.000
26.536	0.000	415.028	261.766	82148.210	-3897859.000
26.833	0.000	415.024	279.609	77068.910	-3653256.000
27.113	0.000	415.020	298.669	72227.720	-3423776.000
27.436	0.000	415.016	319.027	66820.200	-3206774.000
27.722	0.000	415.012	340.773	62356.900	-3005155.000
28.030	0.000	415.008	364.002	57909.440	-2815272.000
28.332	0.000	415.004	388.814	53600.340	-2637675.000
28.575	0.000	415.000	415.317	49046.130	-2471117.000
28.779	0.000	414.997	443.627	45522.630	-2315804.000
29.011	0.000	414.994	473.866	42624.580	-2168775.000
29.227	0.000	414.991	506.167	39652.010	-2031821.000
29.432	0.000	414.988	540.670	36837.340	-1903818.000
29.661	0.000	414.985	577.524	34043.740	-1784159.000
29.881	0.000	414.983	616.890	31747.090	-1671108.000
30.143	0.000	414.979	658.940	29884.720	-1565559.000
30.336	0.000	414.976	703.857	27741.580	-1467154.000
30.631	0.000	414.973	751.834	25977.530	-1374233.000
30.863	0.000	414.969	803.083	24274.450	-1287524.000
31.061	0.000	414.966	857.824	22325.950	-1206318.000
31.271	0.000	414.964	916.297	20860.350	-1130069.000
31.523	0.000	414.961	978.756	19368.520	-1058790.000
32.103	0.000	414.952	1045.472	17910.790	-992123.600
32.609	0.000	414.945	1116.736	16776.570	-929533.700
33.068	0.000	414.938	1192.857	15678.250	-870739.600
33.506	0.000	414.933	1274.167	14584.310	-815794.700
33.929	0.000	414.927	1361.020	13710.820	-764273.800
34.318	0.000	414.922	1453.793	12740.860	-716115.700
34.712	0.000	414.917	1552.890	12012.540	-670738.800
35.098	0.000	414.912	1658.741	11085.580	-628466.800
35.488	0.000	414.906	1771.808	10395.550	-588748.600
35.837	0.000	414.901	1892.582	9653.634	-551644.700
36.200	0.000	414.896	2021.589	9086.820	-516740.200
36.545	0.000	414.892	2159.389	8413.446	-484108.300
36.870	0.000	414.887	2306.582	7847.220	-453481.500
37.245	0.000	414.883	2463.808	7363.301	-424831.000
37.622	0.000	414.877	2631.752	6929.223	-398084.000
37.990	0.000	414.873	2811.143	6444.334	-372921.200
38.355	0.000	414.869	3002.763	6048.772	-349381.300
38.636	0.000	414.864	3207.444	5672.844	-327318.100
38.963	0.000	414.860	3426.077	5357.533	-306570.100
39.213	0.000	414.856	3659.613	4960.846	-287226.900
39.451	0.000	414.853	3909.068	4617.286	-269136.300
39.884	0.000	414.848	4175.526	4356.359	-252166.900
40.257	0.000	414.843	4460.148	4062.389	-236183.200
40.629	0.000	414.839	4764.171	3792.351	-221278.300
41.022	0.000	414.834	5088.917	3548.254	-207294.500
41.399	0.000	414.828	5435.799	3332.633	-194183.800
41.683	0.000	414.825	5806.326	3079.475	-181952.700
41.993	0.000	414.822	6202.110	2915.387	-170391.900
42.236	0.000	414.818	6624.872	2698.363	-159675.600
42.561	0.000	414.815	7076.452	2543.564	-149562.100
42.866	0.000	414.810	7558.813	2399.640	-140169.600
43.219	0.000	414.807	8074.054	2248.443	-131279.000
43.471	0.000	414.803	8624.416	2083.260	-122975.700
43.813	0.000	414.800	9212.292	1970.303	-115240.100
44.124	0.000	414.796	9840.241	1892.030	-107906.600
44.378	0.000	414.793	10510.994	1752.708	-101127.100
44.665	0.000	414.789	11227.468	1644.759	-94725.250
44.959	0.000	414.786	11992.780	1549.958	-88750.100
45.231	0.000	414.783	12810.259	1461.152	-83138.230
45.531	0.000	414.780	13683.461	1382.547	-77904.980
45.822	0.000	414.776	14616.184	1305.722	-72981.620
46.095	0.000	414.773	15612.485	1215.771	-68370.100
46.432	0.000	414.770	16676.698	1146.463	-64064.490
46.714	0.000	414.767	17813.453	1088.418	-60018.150
46.977	0.000	414.764	19027.694	1022.038	-56235.840
47.258	0.000	414.762	20324.702	963.062	-52684.790
47.514	0.000	414.759	21710.121	909.916	-49354.760
47.804	0.000	414.756	23189.975	858.590	-46225.560
48.090	0.000	414.753	24770.702	807.577	-43316.460
48.350	0.000	414.750	26459.178	758.455	-40584.390
48.576	0.000	414.749	28262.749	718.594	-38026.920
48.862	0.000	414.746	30189.258	677.843	-35620.090
49.130	0.000	414.743	32247.086	631.498	-33374.090
49.374	0.000	414.741	34445.185	598.251	-31268.960
49.638	0.000	414.739	36793.115	569.274	-29299.100
49.938	0.000	414.737	39301.090	532.106	-27448.140
50.209	0.000	414.734	41980.020	498.785	-25716.720
50.618	0.000	414.731	44841.556	468.153	-24091.790
51.041	0.000	414.728	47898.147	447.961	-22575.370
51.467	0.000	414.725	51163.089	421.716	-21152.620
51.795	0.000	414.722	54650.583	388.763	-19823.750
52.205	0.000	414.720	58375.799	369.481	-18574.220
52.476	0.000	414.718	62354.942	356.926	-17381.670
52.873	0.000	414.715	66605.320	330.808	-16302.830
53.196	0.000	414.713	71145.421	312.293	-15268.630
53.505	0.000	414.711	75994.996	295.258	-14301.530
53.773	0.000	414.710	81175.138	280.462	-13397.280
54.084	0.000	414.708	86708.381	265.314	-12559.740
54.366	0.000	414.707	92618.793	248.623	-11768.190
54.707	0.000	414.705	98932.084	234.121	-11026.360
55.041	0.000	414.703	105675.715	233.671	-10338.660
55.347	0.000	414.702	112879.022	213.665	-9672.268
55.652	0.000	414.700	120573.336	203.369	-9070.586
56.025	0.000	414.699	128792.127	174.951	-8504.971
56.354	0.000	414.697	137571.146	179.772	-7964.943
56.737	0.000	414.695	146948.581	169.691	-7461.650
57.061	0.000	414.694	156965.221	162.700	-6992.641
57.349	0.000	414.693	167664.638	153.310	-6551.274
57.738	0.000	414.692	179093.373	145.339	-6138.010
58.061	0.000	414.691	191301.139	136.727	-5746.983
58.501	0.000	414.690	204341.039	131.355	-5388.452
58.799	0.000	414.689	218269.793	125.585	-5046.800
59.201	0.000	414.688	233147.990	114.579	-4730.651
59.531	0.000	414.688	249040.349	112.814	-4430.817
59.923	0.000	414.687	266015.998	108.219	-4151.139
60.231	0.000	414.686	284148.780	103.030	-3889.942
60.619	0.000	414.686	303517.570	97.001	-3644.361
61.033	0.000	414.685	324206.618	92.241	-3413.323
61.361	0.000	414.685	346305.920	87.399	-3198.079
61.660	0.000	414.685	369911.605	84.270	-2995.732
62.024	0.000	414.685	395126.353	81.117	-2808.107
62.351	0.000	414.685	422059.846	77.575	-2630.241
62.744	0.000	414.685	450829.241	73.193	-2462.760
63.040	0.000	414.685	481559.679	69.948	-2307.102
63.413	0.000	414.685	514384.835	67.530	-2160.329
63.767	0.000	414.685	549447.493	64.166	-2023.629
64.127	0.000	414.685	586900.171	61.800	-1894.526
64.478	0.000	414.686	626905.783	58.872	-1774.201
64.890	0.000	414.686	669638.348	57.010	-1660.981
65.184	0.000	414.687	715283.746	54.039	-1555.371
65.478	0.000	414.687	764040.529	55.053	-1455.752
65.775	0.000	414.687	816120.781	51.285	-1363.155
66.149	0.000	414.688	871751.044	49.118	-1275.711
66.448	0.000	414.688	931173.304	47.106	-1193.262
66.743	0.000	414.689	994646.037	45.206	-1116.388
67.078	0.000	414.689	1062445.341	4.242	-1039.316
67.391	0.000	414.690	1134866.134	3.343	-971.014
67.816	0.000	414.691	1212223.437	2.522	-907.400
68.107	0.000	414.692	1294853.743	1.195	-848.913
68.530	0.000	414.692	1383116.481	0.281	-792.909
68.950	0.000	414.694	1477395.584	-1.346	-739.826
69.398	0.000	414.694	1578101.150	-2.303	-689.796
69.708	0.000	414.695	1685671.237	-2.751	-642.942
70.040	0.000	414.696	1800573.758	-3.683	-598.997
70.416	0.000	414.697	1923308.524	-4.450	-557.258
70.750	0.000	414.698	2054409.414	-5.005	-518.183
71.065	0.000	414.699	2194446.698	-5.409	-480.959
71.461	0.000	414.700	2344029.518	-5.731	-446.037
71.777	0.000	414.701	2503808.540	-6.293	-413.219
72.171	0.000	414.702	2674478.780	-6.466	-381.785
72.522	0.000	414.704	2856782.629	-6.905	-352.257
72.829	0.000	414.705	3051513.084	-6.921	-323.996
73.222	0.000	414.706	3259517.196	-6.899	-297.416
73.619	0.000	414.707	3481699.752	-6.788	-272.030
74.000	0.000	414.709	3719027.216	-6.736	-247.879
74.318	0.000	414.710	3972531.929	-6.207	-224.663
74.677	0.000	414.711	4243316.602	-5.418	-203.031
75.124	0.000	414.712	4532559.110	-4.908	-182.615
75.426	0.000	414.714	4841517.618	-4.899	-162.566
75.842	0.000	414.715	5171536.051	-4.236	-143.315
76.291	0.000	414.717	5524049.945	-3.410	-124.989
76.613	0.000	414.718	5900592.685	-2.437	-107.385
76.973	0.000	414.720	6302802.180	-1.222	-90.656
77.294	0.000	414.721	6732427.985	-0.001	-74.723
77.689	0.000	414.722	7191338.911	1.390	-59.439
77.998	0.000	414.723	7681531.159	3.039	-44.932
78.400	0.000	414.724	8205136.995	4.947	-31.479
78.751	0.000	414.726	8764434.032	6.724	-18.828
79.135	0.000	414.727	9361855.135	8.663	-7.144
79.489	0.000	414.728	9999999.000	10.689	3.468
