Time (s)	Light (A)	T (K)	f (Hz)	R (Ohm)	X (Ohm)
1.473	0.000	421.375	20.000	3470774.000	-36507410.000
2.872	0.000	421.356	21.363	2661750.000	-33692370.000
4.169	0.000	421.339	22.819	2379993.000	-31610910.000
5.388	0.000	421.321	24.375	2187810.000	-29699070.000
6.552	0.000	421.305	26.036	1957624.000	-27852250.000
7.630	0.000	421.291	27.811	1765999.000	-26114690.000
8.645	0.000	421.277	29.707	1590681.000	-24470850.000
9.599	0.000	421.263	31.732	1456144.000	-22947760.000
10.494	0.000	421.251	33.895	1360213.000	-21535060.000
11.340	0.000	421.239	36.205	1203076.000	-20252660.000
12.138	0.000	421.228	38.673	1137091.000	-18999000.000
13.082	0.000	421.215	41.309	999087.300	-17775250.000
13.969	0.000	421.203	44.125	859493.000	-16673050.000
14.837	0.000	421.190	47.133	774619.600	-15637680.000
15.647	0.000	421.179	50.346	649735.500	-14655880.000
16.402	0.000	421.168	53.777	640125.300	-13762650.000
17.100	0.000	421.158	57.443	626573.800	-12916470.000
17.757	0.000	421.149	61.359	581131.100	-12125410.000
18.376	0.000	421.141	65.541	522640.100	-11365980.000
18.962	0.000	421.133	70.009	490871.400	-10653340.000
19.514	0.000	421.125	74.781	444261.500	-9992429.000
20.069	0.000	421.117	79.878	407558.900	-9354737.000
20.561	0.000	421.109	85.323	364797.300	-8777769.000
21.050	0.000	421.103	91.139	336538.600	-8227930.000
21.493	0.000	421.097	97.352	306853.800	-7717284.000
21.910	0.000	421.090	103.987	280125.500	-7237621.000
22.305	0.000	421.085	111.076	259009.900	-6782653.000
22.678	0.000	421.079	118.647	238324.800	-6358814.000
23.051	0.000	421.075	126.735	218692.700	-5957958.000
23.389	0.000	421.069	135.373	201155.600	-5582904.000
23.727	0.000	421.064	144.601	185641.100	-5245095.000
24.092	0.000	421.059	154.458	160454.500	-4901440.000
24.413	0.000	421.054	164.986	155240.000	-4599645.000
24.715	0.000	421.050	176.232	143341.100	-4310479.000
25.007	0.000	421.046	188.245	132678.700	-4040357.000
25.290	0.000	421.041	201.077	121787.900	-3787519.000
25.623	0.000	421.036	214.783	112243.000	-3548861.000
25.879	0.000	421.033	229.423	103242.200	-3326032.000
26.172	0.000	421.029	245.062	95616.620	-3119683.000
26.487	0.000	421.024	261.766	87681.370	-2922199.000
26.822	0.000	421.020	279.609	80237.800	-2738242.000
27.122	0.000	421.015	298.669	73108.980	-2566428.000
27.430	0.000	421.012	319.027	68158.540	-2404716.000
27.686	0.000	421.007	340.773	63104.980	-2253561.000
27.984	0.000	421.003	364.002	58363.990	-2112150.000
28.215	0.000	420.998	388.814	53861.770	-1979545.000
28.476	0.000	420.996	415.317	50088.350	-1855394.000
28.704	0.000	420.991	443.627	46014.550	-1738748.000
28.935	0.000	420.989	473.866	42717.980	-1628982.000
29.176	0.000	420.985	506.167	39561.840	-1526222.000
29.430	0.000	420.982	540.670	36458.210	-1430257.000
29.631	0.000	420.978	577.524	33951.630	-1340677.000
29.934	0.000	420.975	616.890	31346.500	-1256039.000
30.172	0.000	420.971	658.940	29322.610	-1176986.000
30.368	0.000	420.967	703.857	27093.510	-1103266.000
30.594	0.000	420.964	751.834	25088.110	-1033540.000
30.833	0.000	420.962	803.083	23315.110	-968527.000
31.010	0.000	420.958	857.824	21521.820	-907611.400
31.225	0.000	420.955	916.297	20181.310	-850544.900
31.401	0.000	420.952	978.756	18660.110	-797028.100
31.925	0.000	420.945	1045.472	17109.290	-747221.500
32.412	0.000	420.938	1116.736	16025.470	-700295.900
32.871	0.000	420.931	1192.857	14790.030	-656059.400
33.312	0.000	420.925	1274.167	13732.550	-614839.700
33.765	0.000	420.918	1361.020	12729.160	-576128.000
34.173	0.000	420.912	1453.793	11880.340	-539952.200
34.559	0.000	420.906	1552.890	11152.390	-505935.500
34.962	0.000	420.901	1658.741	10325.270	-474096.100
35.342	0.000	420.895	1771.808	9667.659	-444177.100
35.714	0.000	420.890	1892.582	9007.504	-416283.200
36.086	0.000	420.884	2021.589	8392.718	-389977.400
36.406	0.000	420.879	2159.389	7796.396	-365467.400
36.762	0.000	420.874	2306.582	7285.734	-342463.900
37.126	0.000	420.870	2463.808	6754.957	-320861.600
37.486	0.000	420.865	2631.752	6318.493	-300653.700
37.787	0.000	420.860	2811.143	5914.295	-281758.200
38.094	0.000	420.856	3002.763	5537.321	-263973.800
38.359	0.000	420.852	3207.444	5160.797	-247361.600
38.662	0.000	420.849	3426.077	4849.929	-231754.900
38.965	0.000	420.844	3659.613	4492.400	-217144.300
39.203	0.000	420.841	3909.068	4174.162	-203454.000
39.550	0.000	420.836	4175.526	3924.145	-190668.200
39.932	0.000	420.832	4460.148	3655.795	-178643.000
40.335	0.000	420.826	4764.171	3375.785	-167455.000
40.710	0.000	420.820	5088.917	3217.334	-156911.800
41.086	0.000	420.815	5435.799	2978.272	-147032.200
41.484	0.000	420.810	5806.326	2811.506	-137718.100
41.767	0.000	420.805	6202.110	2620.614	-129075.600
42.010	0.000	420.802	6624.872	2422.460	-120925.600
42.281	0.000	420.799	7076.452	2261.875	-113306.400
42.545	0.000	420.795	7558.813	2152.698	-106134.200
42.851	0.000	420.791	8074.054	1977.488	-99478.980
43.169	0.000	420.787	8624.416	1890.192	-93199.680
43.473	0.000	420.783	9212.292	1756.524	-87330.060
43.733	0.000	420.779	9840.241	1658.911	-81856.970
44.020	0.000	420.775	10510.994	1550.415	-76690.480
44.293	0.000	420.772	11227.468	1454.733	-71856.270
44.537	0.000	420.769	11992.780	1366.741	-67333.850
44.807	0.000	420.766	12810.259	1287.815	-63087.810
45.070	0.000	420.762	13683.461	1204.481	-59111.000
45.360	0.000	420.758	14616.184	1128.555	-55387.340
45.647	0.000	420.755	15612.485	1058.454	-51897.440
45.912	0.000	420.752	16676.698	996.366	-48623.990
46.201	0.000	420.749	17813.453	934.541	-45559.610
46.461	0.000	420.746	19027.694	888.521	-42688.290
46.737	0.000	420.743	20324.702	834.425	-40001.980
47.027	0.000	420.739	21710.121	780.397	-37478.810
47.287	0.000	420.735	23189.975	735.272	-35113.500
47.518	0.000	420.733	24770.702	700.301	-32907.850
47.782	0.000	420.729	26459.178	653.183	-30832.630
48.060	0.000	420.727	28262.749	616.582	-28894.130
48.320	0.000	420.724	30189.258	578.235	-27066.370
48.601	0.000	420.721	32247.086	550.879	-25364.630
48.892	0.000	420.717	34445.185	516.357	-23763.140
49.185	0.000	420.714	36793.115	486.521	-22270.510
49.462	0.000	420.711	39301.090	454.074	-20870.740
49.720	0.000	420.709	41980.020	432.558	-19552.250
50.102	0.000	420.705	44841.556	409.327	-18323.070
50.511	0.000	420.701	47898.147	388.140	-17167.580
50.952	0.000	420.697	51163.089	364.757	-16088.550
51.295	0.000	420.694	54650.583	343.547	-15082.010
51.693	0.000	420.690	58375.799	325.080	-14127.280
51.947	0.000	420.688	62354.942	317.846	-13248.440
52.346	0.000	420.685	66605.320	290.223	-12404.830
52.641	0.000	420.682	71145.421	275.254	-11627.150
52.905	0.000	420.680	75994.996	257.022	-10893.590
53.226	0.000	420.677	81175.138	242.621	-10205.050
53.547	0.000	420.675	86708.381	234.715	-9566.235
53.814	0.000	420.672	92618.793	222.162	-8965.124
54.050	0.000	420.670	98932.084	206.875	-8400.627
54.320	0.000	420.669	105675.715	201.699	-7867.941
54.557	0.000	420.667	112879.022	190.048	-7377.079
54.848	0.000	420.666	120573.336	179.378	-6910.864
55.268	0.000	420.664	128792.127	174.120	-6489.038
55.552	0.000	420.662	137571.146	160.235	-6074.207
55.881	0.000	420.660	146948.581	151.378	-5690.949
56.174	0.000	420.658	156965.221	144.143	-5334.270
56.453	0.000	420.657	167664.638	137.649	-4999.241
56.804	0.000	420.656	179093.373	132.719	-4684.284
57.135	0.000	420.654	191301.139	126.356	-4389.377
57.455	0.000	420.653	204341.039	119.264	-4114.050
57.753	0.000	420.652	218269.793	114.686	-3855.959
58.028	0.000	420.651	233147.990	100.231	-3609.778
58.367	0.000	420.650	249040.349	102.646	-3386.528
58.690	0.000	420.649	266015.998	98.059	-3173.094
58.978	0.000	420.647	284148.780	93.778	-2973.273
59.228	0.000	420.647	303517.570	89.031	-2785.782
59.697	0.000	420.645	324206.618	84.651	-2610.947
60.007	0.000	420.644	346305.920	81.205	-2445.508
60.273	0.000	420.643	369911.605	78.522	-2292.392
60.580	0.000	420.642	395126.353	74.604	-2147.831
60.882	0.000	420.642	422059.846	71.349	-2011.763
61.180	0.000	420.641	450829.241	68.362	-1885.372
61.542	0.000	420.641	481559.679	65.065	-1765.772
61.848	0.000	420.640	514384.835	62.786	-1654.252
62.122	0.000	420.640	549447.493	60.320	-1549.033
62.380	0.000	420.640	586900.171	58.097	-1451.736
62.685	0.000	420.639	626905.783	56.092	-1360.028
63.005	0.000	420.639	669638.348	53.258	-1273.376
63.266	0.000	420.639	715283.746	51.220	-1192.141
63.570	0.000	420.638	764040.529	49.221	-1117.229
63.818	0.000	420.638	816120.781	47.643	-1044.554
64.126	0.000	420.638	871751.044	45.971	-977.179
64.392	0.000	420.638	931173.304	44.230	-914.699
64.694	0.000	420.638	994646.037	42.796	-855.423
64.979	0.000	420.638	1062445.341	10.933	-796.853
65.275	0.000	420.638	1134866.134	9.764	-744.917
65.722	0.000	420.637	1212223.437	8.785	-695.851
65.994	0.000	420.637	1294853.743	7.681	-649.867
66.301	0.000	420.637	1383116.481	6.434	-607.030
66.802	0.000	420.637	1477395.584	5.545	-566.010
67.198	0.000	420.638	1578101.150	4.595	-527.743
67.521	0.000	420.638	1685671.237	3.727	-491.641
67.777	0.000	420.638	1800573.758	3.048	-457.424
68.225	0.000	420.639	1923308.524	2.418	-425.199
68.560	0.000	420.639	2054409.414	1.831	-394.769
68.827	0.000	420.639	2194446.698	1.374	-366.157
69.173	0.000	420.640	2344029.518	0.860	-338.977
69.462	0.000	420.640	2503808.540	0.456	-313.277
69.830	0.000	420.641	2674478.780	0.185	-288.865
70.176	0.000	420.642	2856782.629	-0.075	-265.661
70.474	0.000	420.643	3051513.084	-0.234	-243.669
70.728	0.000	420.643	3259517.196	-0.331	-222.707
71.047	0.000	420.644	3481699.752	-0.304	-202.715
71.357	0.000	420.644	3719027.216	-0.179	-183.632
71.677	0.000	420.645	3972531.929	-0.013	-165.424
71.958	0.000	420.646	4243316.602	0.521	-147.926
72.235	0.000	420.647	4532559.110	0.739	-131.612
72.532	0.000	420.648	4841517.618	1.141	-115.555
72.822	0.000	420.648	5171536.051	1.719	-100.177
73.218	0.000	420.650	5524049.945	2.427	-85.432
73.496	0.000	420.650	5900592.685	3.293	-71.278
73.757	0.000	420.651	6302802.180	4.267	-57.846
74.040	0.000	420.652	6732427.985	5.353	-44.898
74.290	0.000	420.653	7191338.911	6.612	-32.582
74.570	0.000	420.654	7681531.159	7.993	-20.930
74.825	0.000	420.654	8205136.995	9.510	-9.977
75.108	0.000	420.655	8764434.032	11.139	0.174
75.422	0.000	420.656	9361855.135	12.825	9.505
75.806	0.000	420.657	9999999.000	14.565	17.868
