Time (s)	Light (A)	T (K)	f (Hz)	R (Ohm)	X (Ohm)
1.474	0.000	426.569	20.000	4582263.000	-34940370.000
2.857	0.000	426.573	21.363	2856045.000	-31752150.000
4.156	0.000	426.577	22.819	2642645.000	-29857690.000
5.376	0.000	426.580	24.375	2408489.000	-27991090.000
6.524	0.000	426.582	26.036	2188794.000	-26253290.000
7.602	0.000	426.583	27.811	1977988.000	-24640390.000
8.615	0.000	426.584	29.707	1803525.000	-23114530.000
9.568	0.000	426.585	31.732	1641185.000	-21692670.000
10.472	0.000	426.585	33.895	1457503.000	-20404730.000
11.317	0.000	426.586	36.205	1349865.000	-19094000.000
12.119	0.000	426.585	38.673	1210388.000	-17914930.000
13.077	0.000	426.585	41.309	1091132.000	-16823420.000
13.964	0.000	426.585	44.125	976643.200	-15791130.000
14.800	0.000	426.585	47.133	833732.200	-14805400.000
15.587	0.000	426.585	50.346	730192.500	-13903090.000
16.328	0.000	426.585	53.777	700293.600	-13030390.000
17.024	0.000	426.584	57.443	673898.000	-12226550.000
17.709	0.000	426.584	61.359	622879.700	-11471120.000
18.328	0.000	426.583	65.541	575180.600	-10759930.000
18.933	0.000	426.582	70.009	521515.700	-10085840.000
19.487	0.000	426.581	74.781	480367.100	-9458770.000
20.023	0.000	426.581	79.878	429708.300	-8875711.000
20.516	0.000	426.580	85.323	399365.700	-8324054.000
20.984	0.000	426.580	91.139	361461.800	-7801620.000
21.426	0.000	426.579	97.352	331061.800	-7316734.000
21.843	0.000	426.579	103.987	303694.600	-6860510.000
22.238	0.000	426.578	111.076	275213.100	-6430573.000
22.623	0.000	426.577	118.647	253338.200	-6029488.000
22.989	0.000	426.577	126.735	232284.000	-5652953.000
23.326	0.000	426.576	135.373	211954.900	-5297947.000
23.659	0.000	426.576	144.601	191358.300	-4974537.000
24.010	0.000	426.575	154.458	175450.500	-4647502.000
24.339	0.000	426.575	164.986	165144.100	-4362736.000
24.634	0.000	426.574	176.232	150086.800	-4088663.000
24.923	0.000	426.574	188.245	137348.700	-3834427.000
25.229	0.000	426.574	201.077	127087.300	-3594307.000
25.524	0.000	426.573	214.783	117704.800	-3367613.000
25.810	0.000	426.573	229.423	108197.000	-3156205.000
26.064	0.000	426.572	245.062	97895.030	-2960107.000
26.360	0.000	426.572	261.766	90245.470	-2773464.000
26.657	0.000	426.572	279.609	84617.300	-2598628.000
26.962	0.000	426.572	298.669	77859.120	-2436353.000
27.265	0.000	426.571	319.027	71712.100	-2283315.000
27.552	0.000	426.571	340.773	65234.590	-2140678.000
27.802	0.000	426.571	364.002	60421.810	-2005961.000
28.067	0.000	426.571	388.814	55849.050	-1880147.000
28.292	0.000	426.570	415.317	51444.480	-1761523.000
28.549	0.000	426.570	443.627	47257.830	-1651343.000
28.814	0.000	426.570	473.866	44093.160	-1547746.000
29.061	0.000	426.569	506.167	40782.940	-1450026.000
29.258	0.000	426.569	540.670	37601.150	-1359125.000
29.509	0.000	426.568	577.524	34682.750	-1273579.000
29.742	0.000	426.568	616.890	32193.660	-1193601.000
29.950	0.000	426.568	658.940	29740.380	-1118432.000
30.195	0.000	426.567	703.857	27508.180	-1048021.000
30.423	0.000	426.567	751.834	25594.350	-982318.200
30.640	0.000	426.567	803.083	23434.520	-920467.800
30.895	0.000	426.566	857.824	21871.660	-862427.600
31.109	0.000	426.566	916.297	20311.760	-808410.200
31.308	0.000	426.566	978.756	18951.230	-757485.900
31.830	0.000	426.566	1045.472	17371.000	-710046.100
32.315	0.000	426.565	1116.736	16172.940	-665395.700
32.773	0.000	426.565	1192.857	14912.840	-623561.100
33.210	0.000	426.565	1274.167	13799.170	-584359.300
33.649	0.000	426.565	1361.020	12846.270	-547571.300
34.053	0.000	426.565	1453.793	11886.770	-513130.600
34.461	0.000	426.565	1552.890	11153.710	-480775.900
34.850	0.000	426.565	1658.741	10380.460	-450540.900
35.225	0.000	426.565	1771.808	9605.556	-422207.100
35.612	0.000	426.565	1892.582	8986.203	-395619.800
35.999	0.000	426.565	2021.589	8347.646	-370708.300
36.356	0.000	426.566	2159.389	7766.677	-347371.500
36.689	0.000	426.566	2306.582	7246.659	-325465.200
37.054	0.000	426.566	2463.808	6747.107	-304992.400
37.444	0.000	426.566	2631.752	6273.225	-285783.300
37.765	0.000	426.566	2811.143	5841.457	-267765.500
38.155	0.000	426.566	3002.763	5414.681	-250909.100
38.474	0.000	426.566	3207.444	5071.993	-235074.700
38.737	0.000	426.566	3426.077	4754.169	-220257.300
39.018	0.000	426.565	3659.613	4417.450	-206382.500
39.346	0.000	426.565	3909.068	4121.861	-193346.900
39.651	0.000	426.565	4175.526	3879.184	-181254.700
40.023	0.000	426.565	4460.148	3610.421	-169824.100
40.447	0.000	426.565	4764.171	3359.870	-159086.300
40.886	0.000	426.565	5088.917	3121.655	-149079.300
41.216	0.000	426.565	5435.799	2905.957	-139661.300
41.483	0.000	426.565	5806.326	2724.881	-130873.300
41.869	0.000	426.565	6202.110	2593.308	-122609.000
42.130	0.000	426.565	6624.872	2397.246	-114913.900
42.433	0.000	426.565	7076.452	2232.677	-107635.600
42.811	0.000	426.565	7558.813	2101.375	-100906.400
43.207	0.000	426.565	8074.054	1918.751	-94512.410
43.512	0.000	426.565	8624.416	1836.091	-88561.140
43.832	0.000	426.565	9212.292	1693.643	-82956.820
44.225	0.000	426.565	9840.241	1592.146	-77748.790
44.514	0.000	426.565	10510.994	1496.567	-72843.860
44.884	0.000	426.565	11227.468	1413.904	-68247.460
45.200	0.000	426.565	11992.780	1323.600	-63952.020
45.465	0.000	426.566	12810.259	1244.696	-59930.030
45.771	0.000	426.566	13683.461	1164.909	-56143.240
46.043	0.000	426.566	14616.184	1094.766	-52607.690
46.339	0.000	426.567	15612.485	1027.021	-49292.110
46.672	0.000	426.567	16676.698	965.512	-46185.840
46.948	0.000	426.567	17813.453	907.176	-43275.620
47.252	0.000	426.567	19027.694	851.489	-40549.520
47.606	0.000	426.567	20324.702	801.833	-37993.090
47.865	0.000	426.568	21710.121	744.183	-35603.120
48.136	0.000	426.568	23189.975	706.083	-33354.710
48.534	0.000	426.568	24770.702	666.119	-31249.890
48.823	0.000	426.569	26459.178	628.184	-29282.750
49.191	0.000	426.569	28262.749	589.767	-27435.830
49.581	0.000	426.570	30189.258	557.427	-25707.160
49.861	0.000	426.570	32247.086	520.561	-24090.530
50.339	0.000	426.571	34445.185	491.623	-22570.820
50.660	0.000	426.571	36793.115	463.944	-21151.900
50.925	0.000	426.572	39301.090	438.449	-19818.920
51.263	0.000	426.572	41980.020	414.814	-18570.450
51.605	0.000	426.572	44841.556	389.174	-17398.340
52.086	0.000	426.573	47898.147	366.647	-16306.270
52.535	0.000	426.573	51163.089	343.867	-15280.590
52.844	0.000	426.574	54650.583	324.153	-14313.880
53.277	0.000	426.574	58375.799	303.113	-13416.980
53.768	0.000	426.575	62354.942	294.810	-12559.160
54.295	0.000	426.576	66605.320	278.997	-11780.520
54.604	0.000	426.576	71145.421	258.608	-11035.550
55.048	0.000	426.576	75994.996	246.776	-10342.890
55.295	0.000	426.577	81175.138	232.508	-9688.392
55.710	0.000	426.578	86708.381	219.172	-9080.967
56.038	0.000	426.578	92618.793	206.437	-8508.299
56.539	0.000	426.578	98932.084	194.865	-7970.414
56.832	0.000	426.579	105675.715	188.298	-7469.265
57.171	0.000	426.579	112879.022	177.460	-7004.491
57.474	0.000	426.580	120573.336	170.902	-6562.166
57.915	0.000	426.580	128792.127	156.678	-6136.947
58.207	0.000	426.580	137571.146	150.492	-5762.935
58.562	0.000	426.581	146948.581	142.270	-5400.423
58.871	0.000	426.581	156965.221	135.211	-5059.352
59.170	0.000	426.581	167664.638	130.419	-4740.074
59.478	0.000	426.582	179093.373	123.545	-4442.252
59.819	0.000	426.582	191301.139	118.917	-4162.758
60.208	0.000	426.582	204341.039	112.016	-3900.207
60.481	0.000	426.583	218269.793	107.736	-3655.018
60.798	0.000	426.583	233147.990	99.457	-3428.545
61.071	0.000	426.583	249040.349	96.946	-3209.816
61.392	0.000	426.584	266015.998	92.057	-3007.148
61.736	0.000	426.584	284148.780	88.232	-2817.732
62.019	0.000	426.585	303517.570	83.694	-2640.347
62.455	0.000	426.585	324206.618	79.954	-2473.806
62.739	0.000	426.585	346305.920	76.734	-2317.676
63.068	0.000	426.585	369911.605	73.798	-2171.601
63.454	0.000	426.586	395126.353	70.016	-2034.694
63.787	0.000	426.586	422059.846	67.016	-1905.967
64.120	0.000	426.586	450829.241	64.356	-1785.636
64.502	0.000	426.587	481559.679	61.423	-1672.703
64.831	0.000	426.587	514384.835	59.191	-1566.148
65.124	0.000	426.587	549447.493	56.509	-1467.358
65.411	0.000	426.588	586900.171	54.438	-1374.311
65.676	0.000	426.588	626905.783	52.499	-1287.044
65.986	0.000	426.589	669638.348	50.159	-1205.224
66.260	0.000	426.589	715283.746	48.228	-1128.255
66.568	0.000	426.589	764040.529	46.037	-1057.324
66.828	0.000	426.589	816120.781	44.946	-988.241
67.122	0.000	426.590	871751.044	42.916	-924.838
67.379	0.000	426.590	931173.304	41.591	-865.601
67.690	0.000	426.590	994646.037	40.155	-809.170
67.955	0.000	426.591	1062445.341	10.136	-753.913
68.260	0.000	426.591	1134866.134	8.794	-704.643
68.702	0.000	426.592	1212223.437	8.002	-657.934
69.030	0.000	426.592	1294853.743	6.887	-614.357
69.377	0.000	426.592	1383116.481	5.941	-573.632
69.857	0.000	426.593	1477395.584	5.054	-534.874
70.325	0.000	426.593	1578101.150	4.160	-498.527
70.619	0.000	426.593	1685671.237	3.396	-464.295
70.938	0.000	426.593	1800573.758	2.763	-431.856
71.321	0.000	426.594	1923308.524	2.130	-401.332
71.622	0.000	426.594	2054409.414	1.591	-372.498
71.892	0.000	426.594	2194446.698	1.082	-345.317
72.219	0.000	426.594	2344029.518	0.695	-319.486
72.508	0.000	426.594	2503808.540	0.276	-295.049
72.815	0.000	426.594	2674478.780	-0.022	-271.892
73.164	0.000	426.594	2856782.629	-0.208	-249.888
73.432	0.000	426.594	3051513.084	-0.338	-228.951
73.826	0.000	426.594	3259517.196	-0.413	-208.944
74.162	0.000	426.595	3481699.752	-0.395	-189.960
74.474	0.000	426.595	3719027.216	-0.279	-171.838
74.794	0.000	426.595	3972531.929	-0.062	-154.452
75.162	0.000	426.595	4243316.602	0.306	-137.795
75.441	0.000	426.595	4532559.110	0.621	-122.056
75.835	0.000	426.595	4841517.618	1.087	-106.772
76.109	0.000	426.595	5171536.051	1.686	-92.093
76.506	0.000	426.596	5524049.945	2.412	-78.022
76.814	0.000	426.596	5900592.685	3.281	-64.514
77.094	0.000	426.596	6302802.180	4.262	-51.636
77.366	0.000	426.596	6732427.985	5.372	-39.260
77.719	0.000	426.596	7191338.911	6.630	-27.494
78.011	0.000	426.596	7681531.159	8.015	-16.359
78.309	0.000	426.596	8205136.995	9.530	-5.895
78.611	0.000	426.597	8764434.032	11.159	3.812
79.043	0.000	426.597	9361855.135	12.845	12.691
79.328	0.000	426.597	9999999.000	14.589	20.637
