Time (s)	Light (A)	T (K)	f (Hz)	R (Ohm)	X (Ohm)
1.474	0.000	439.370	20.000	4606128.000	-29632540.000
2.855	0.000	439.351	21.363	4639008.000	-28572200.000
4.152	0.000	439.331	22.819	4158902.000	-26861030.000
5.372	0.000	439.313	24.375	3795190.000	-25296420.000
6.518	0.000	439.297	26.036	3455174.000	-23778840.000
7.595	0.000	439.282	27.811	3098768.000	-22368630.000
8.609	0.000	439.267	29.707	2807391.000	-21047070.000
9.561	0.000	439.255	31.732	2533214.000	-19792400.000
10.458	0.000	439.242	33.895	2291940.000	-18580430.000
11.328	0.000	439.230	36.205	2104598.000	-17455020.000
12.128	0.000	439.218	38.673	1883985.000	-16399620.000
13.071	0.000	439.206	41.309	1705006.000	-15441520.000
13.981	0.000	439.192	44.125	1515071.000	-14498250.000
14.830	0.000	439.180	47.133	1371761.000	-13631580.000
15.617	0.000	439.168	50.346	1209024.000	-12761750.000
16.357	0.000	439.158	53.777	1130831.000	-12021820.000
17.065	0.000	439.147	57.443	1035361.000	-11296900.000
17.722	0.000	439.138	61.359	949034.900	-10598490.000
18.342	0.000	439.130	65.541	867438.400	-9947711.000
18.927	0.000	439.122	70.009	783730.600	-9345222.000
19.481	0.000	439.113	74.781	710239.700	-8770572.000
20.002	0.000	439.106	79.878	650923.000	-8225366.000
20.496	0.000	439.099	85.323	590316.100	-7720726.000
20.962	0.000	439.093	91.139	536733.300	-7244231.000
21.402	0.000	439.086	97.352	487653.200	-6804361.000
21.844	0.000	439.081	103.987	443332.100	-6379885.000
22.245	0.000	439.075	111.076	405242.000	-5986977.000
22.618	0.000	439.070	118.647	367061.700	-5615679.000
22.981	0.000	439.066	126.735	335242.200	-5268280.000
23.320	0.000	439.061	135.373	304178.900	-4938624.000
23.650	0.000	439.057	144.601	280002.400	-4644134.000
23.977	0.000	439.053	154.458	245324.200	-4343942.000
24.315	0.000	439.049	164.986	230873.000	-4077640.000
24.609	0.000	439.045	176.232	210199.400	-3823669.000
24.906	0.000	439.042	188.245	192076.800	-3586159.000
25.212	0.000	439.038	201.077	175661.700	-3362996.000
25.482	0.000	439.035	214.783	161323.700	-3153533.000
25.772	0.000	439.031	229.423	146967.100	-2957509.000
26.074	0.000	439.028	245.062	135180.900	-2773865.000
26.361	0.000	439.024	261.766	123021.500	-2600258.000
26.661	0.000	439.019	279.609	111664.300	-2437140.000
26.920	0.000	439.016	298.669	102121.600	-2284705.000
27.224	0.000	439.014	319.027	93824.120	-2142335.000
27.522	0.000	439.010	340.773	86031.740	-2009051.000
27.764	0.000	439.007	364.002	78519.590	-1883685.000
28.001	0.000	439.004	388.814	72044.660	-1765369.000
28.254	0.000	439.001	415.317	66220.650	-1654885.000
28.486	0.000	438.999	443.627	61059.420	-1551217.000
28.754	0.000	438.996	473.866	55973.940	-1454211.000
28.964	0.000	438.993	506.167	51190.920	-1363280.000
29.241	0.000	438.991	540.670	47292.440	-1277870.000
29.469	0.000	438.988	577.524	43295.330	-1197701.000
29.739	0.000	438.986	616.890	40038.000	-1122733.000
29.938	0.000	438.984	658.940	36751.380	-1052439.000
30.185	0.000	438.981	703.857	33742.560	-986520.000
30.420	0.000	438.979	751.834	31197.110	-924372.300
30.627	0.000	438.977	803.083	28655.660	-866515.300
30.849	0.000	438.976	857.824	26534.260	-812287.700
31.056	0.000	438.973	916.297	24368.460	-761168.900
31.275	0.000	438.971	978.756	22390.980	-713575.200
31.794	0.000	438.967	1045.472	20526.920	-669266.800
32.277	0.000	438.964	1116.736	18963.080	-627167.800
32.736	0.000	438.961	1192.857	17465.350	-587831.300
33.170	0.000	438.958	1274.167	16117.750	-551014.500
33.598	0.000	438.955	1361.020	14992.080	-516261.900
34.012	0.000	438.953	1453.793	13838.120	-483873.200
34.421	0.000	438.950	1552.890	12786.400	-453530.300
34.821	0.000	438.948	1658.741	11841.990	-424961.800
35.206	0.000	438.945	1771.808	10961.570	-398234.600
35.585	0.000	438.943	1892.582	10174.840	-373229.100
35.994	0.000	438.941	2021.589	9373.881	-349809.700
36.354	0.000	438.939	2159.389	8718.027	-327786.500
36.672	0.000	438.937	2306.582	8074.443	-307165.100
36.983	0.000	438.936	2463.808	7468.709	-287825.500
37.303	0.000	438.935	2631.752	6934.624	-269745.000
37.664	0.000	438.933	2811.143	6475.588	-252729.900
37.984	0.000	438.932	3002.763	5989.144	-236833.500
38.235	0.000	438.931	3207.444	5582.270	-221948.500
38.573	0.000	438.930	3426.077	5196.195	-207979.100
38.850	0.000	438.929	3659.613	4806.530	-194879.900
39.105	0.000	438.928	3909.068	4464.287	-182614.600
39.443	0.000	438.927	4175.526	4140.750	-171132.000
39.764	0.000	438.926	4460.148	3876.333	-160391.400
40.104	0.000	438.925	4764.171	3559.092	-150301.100
40.478	0.000	438.925	5088.917	3331.007	-140834.700
40.778	0.000	438.924	5435.799	3110.030	-131983.200
41.112	0.000	438.923	5806.326	2913.892	-123638.200
41.374	0.000	438.923	6202.110	2685.430	-115868.300
41.662	0.000	438.923	6624.872	2502.065	-108599.900
41.894	0.000	438.922	7076.452	2362.890	-101773.800
42.166	0.000	438.922	7558.813	2171.578	-95340.820
42.473	0.000	438.922	8074.054	2042.752	-89333.220
42.742	0.000	438.922	8624.416	1899.004	-83698.100
43.064	0.000	438.922	9212.292	1752.870	-78446.680
43.322	0.000	438.922	9840.241	1673.491	-73486.930
43.585	0.000	438.922	10510.994	1529.167	-68846.450
43.886	0.000	438.922	11227.468	1442.021	-64520.710
44.168	0.000	438.922	11992.780	1344.718	-60451.020
44.443	0.000	438.922	12810.259	1258.060	-56650.300
44.704	0.000	438.922	13683.461	1173.133	-53082.850
44.947	0.000	438.922	14616.184	1091.846	-49739.890
45.223	0.000	438.922	15612.485	1029.085	-46602.350
45.509	0.000	438.923	16676.698	955.473	-43669.200
45.798	0.000	438.923	17813.453	896.448	-40913.960
46.045	0.000	438.923	19027.694	838.698	-38339.140
46.280	0.000	438.923	20324.702	788.928	-35917.400
46.569	0.000	438.924	21710.121	734.458	-33653.430
46.872	0.000	438.924	23189.975	689.479	-31535.110
47.136	0.000	438.925	24770.702	646.692	-29549.460
47.406	0.000	438.925	26459.178	607.435	-27684.680
47.653	0.000	438.925	28262.749	571.517	-25937.870
47.937	0.000	438.926	30189.258	534.887	-24303.690
48.253	0.000	438.926	32247.086	502.380	-22774.410
48.509	0.000	438.927	34445.185	466.729	-21337.050
48.785	0.000	438.927	36793.115	436.571	-19991.850
49.015	0.000	438.928	39301.090	410.469	-18733.100
49.263	0.000	438.928	41980.020	388.180	-17552.190
49.638	0.000	438.929	44841.556	358.042	-16449.000
50.069	0.000	438.929	47898.147	340.667	-15413.430
50.501	0.000	438.930	51163.089	321.470	-14440.040
50.789	0.000	438.931	54650.583	303.084	-13530.070
51.194	0.000	438.932	58375.799	282.370	-12677.820
51.512	0.000	438.932	62354.942	258.402	-11883.210
51.943	0.000	438.934	66605.320	251.542	-11133.280
52.228	0.000	438.934	71145.421	236.797	-10428.870
52.501	0.000	438.935	75994.996	223.023	-9769.192
52.762	0.000	438.936	81175.138	210.166	-9158.425
53.045	0.000	438.937	86708.381	194.009	-8579.759
53.320	0.000	438.937	92618.793	186.012	-8038.033
53.610	0.000	438.938	98932.084	172.463	-7530.671
53.935	0.000	438.938	105675.715	156.534	-7065.941
54.215	0.000	438.939	112879.022	155.983	-6615.888
54.456	0.000	438.940	120573.336	149.245	-6204.808
54.755	0.000	438.941	128792.127	135.522	-5820.398
55.057	0.000	438.942	137571.146	130.946	-5441.028
55.486	0.000	438.943	146948.581	124.348	-5098.350
55.751	0.000	438.944	156965.221	117.083	-4777.869
56.038	0.000	438.945	167664.638	112.382	-4475.909
56.280	0.000	438.946	179093.373	106.010	-4193.966
56.605	0.000	438.947	191301.139	101.796	-3934.315
56.890	0.000	438.948	204341.039	95.707	-3680.840
57.131	0.000	438.949	218269.793	91.182	-3447.935
57.429	0.000	438.950	233147.990	84.559	-3232.985
57.713	0.000	438.951	249040.349	82.522	-3027.083
57.999	0.000	438.952	266015.998	78.627	-2836.572
58.317	0.000	438.953	284148.780	74.942	-2657.189
58.637	0.000	438.954	303517.570	71.408	-2489.196
59.023	0.000	438.955	324206.618	67.976	-2332.170
59.295	0.000	438.956	346305.920	64.831	-2183.768
59.579	0.000	438.957	369911.605	61.685	-2045.628
59.918	0.000	438.958	395126.353	59.918	-1916.277
60.213	0.000	438.959	422059.846	57.051	-1794.991
60.533	0.000	438.959	450829.241	54.591	-1681.318
60.863	0.000	438.961	481559.679	52.332	-1574.959
61.121	0.000	438.961	514384.835	49.783	-1474.860
61.412	0.000	438.962	549447.493	48.099	-1381.121
61.693	0.000	438.963	586900.171	46.017	-1293.036
62.041	0.000	438.964	626905.783	44.292	-1210.739
62.392	0.000	438.965	669638.348	42.713	-1133.238
62.655	0.000	438.966	715283.746	41.116	-1060.969
63.013	0.000	438.967	764040.529	39.752	-993.813
63.336	0.000	438.967	816120.781	38.269	-928.956
63.620	0.000	438.968	871751.044	37.095	-869.007
63.928	0.000	438.969	931173.304	35.670	-812.854
64.189	0.000	438.969	994646.037	34.559	-759.853
64.484	0.000	438.969	1062445.341	6.439	-707.443
64.751	0.000	438.970	1134866.134	5.540	-661.013
65.139	0.000	438.971	1212223.437	4.726	-617.147
65.455	0.000	438.971	1294853.743	3.913	-576.030
65.755	0.000	438.973	1383116.481	3.205	-537.217
66.198	0.000	438.974	1477395.584	2.563	-500.945
66.692	0.000	438.976	1578101.150	1.885	-466.581
67.020	0.000	438.976	1685671.237	1.384	-434.180
67.304	0.000	438.977	1800573.758	0.896	-403.720
67.793	0.000	438.978	1923308.524	0.353	-374.891
68.130	0.000	438.979	2054409.414	-0.055	-347.733
68.396	0.000	438.980	2194446.698	-0.320	-322.013
68.713	0.000	438.981	2344029.518	-0.630	-297.653
69.034	0.000	438.981	2503808.540	-0.933	-274.602
69.343	0.000	438.982	2674478.780	-1.051	-252.754
69.721	0.000	438.983	2856782.629	-1.125	-231.965
70.055	0.000	438.983	3051513.084	-1.184	-212.178
70.307	0.000	438.984	3259517.196	-1.137	-193.316
70.586	0.000	438.985	3481699.752	-0.988	-175.349
70.890	0.000	438.985	3719027.216	-0.773	-158.178
71.228	0.000	438.986	3972531.929	-0.511	-141.753
71.570	0.000	438.986	4243316.602	-0.146	-125.993
71.830	0.000	438.986	4532559.110	0.381	-110.964
72.176	0.000	438.987	4841517.618	0.905	-96.520
72.484	0.000	438.987	5171536.051	1.556	-82.602
72.918	0.000	438.987	5524049.945	2.357	-69.275
73.286	0.000	438.988	5900592.685	3.270	-56.463
73.706	0.000	438.988	6302802.180	4.328	-44.218
73.999	0.000	438.988	6732427.985	5.486	-32.489
74.405	0.000	438.988	7191338.911	6.787	-21.334
74.756	0.000	438.988	7681531.159	8.213	-10.782
75.111	0.000	438.988	8205136.995	9.751	-0.885
75.576	0.000	438.988	8764434.032	11.402	8.295
76.095	0.000	438.988	9361855.135	13.114	16.656
76.377	0.000	438.988	9999999.000	14.866	24.108
