Time (s)	Light (A)	T (K)	f (Hz)	R (Ohm)	X (Ohm)
1.472	0.000	369.975	20.000	2735736.000	-50982640.000
2.854	0.000	369.965	21.363	1755451.000	-54382330.000
4.151	0.000	369.956	22.819	1582359.000	-50817620.000
5.371	0.000	369.950	24.375	1368383.000	-47688900.000
6.517	0.000	369.942	26.036	1263147.000	-44711390.000
7.594	0.000	369.937	27.811	1124561.000	-41870080.000
8.607	0.000	369.931	29.707	1008953.000	-39251620.000
9.560	0.000	369.926	31.732	890962.600	-36785670.000
10.456	0.000	369.921	33.895	857814.200	-34384980.000
11.301	0.000	369.917	36.205	926109.800	-32274070.000
12.113	0.000	369.914	38.673	782163.900	-30332830.000
13.056	0.000	369.910	41.309	672260.100	-28322560.000
13.943	0.000	369.907	44.125	574403.500	-26512800.000
14.778	0.000	369.904	47.133	415523.500	-24869210.000
15.565	0.000	369.901	50.346	347513.700	-23230980.000
16.306	0.000	369.898	53.777	421263.900	-21815720.000
17.018	0.000	369.895	57.443	408082.800	-20442680.000
17.682	0.000	369.892	61.359	450717.400	-19141890.000
18.302	0.000	369.889	65.541	385567.800	-17944080.000
18.888	0.000	369.887	70.009	372955.300	-16849620.000
19.456	0.000	369.884	74.781	333478.700	-15782980.000
19.978	0.000	369.882	79.878	320773.900	-14771040.000
20.479	0.000	369.880	85.323	284614.300	-13846980.000
20.954	0.000	369.878	91.139	274438.900	-12978520.000
21.412	0.000	369.877	97.352	241457.900	-12150540.000
21.843	0.000	369.875	103.987	222288.000	-11388390.000
22.239	0.000	369.874	111.076	215020.700	-10669560.000
22.618	0.000	369.873	118.647	203064.000	-9993186.000
22.978	0.000	369.872	126.735	184083.700	-9361216.000
23.317	0.000	369.870	135.373	171792.600	-8775926.000
23.675	0.000	369.870	144.601	168330.800	-8224002.000
23.993	0.000	369.869	154.458	156873.800	-7706141.000
24.319	0.000	369.868	164.986	140317.000	-7218426.000
24.635	0.000	369.868	176.232	126653.200	-6760626.000
24.914	0.000	369.868	188.245	119868.700	-6332570.000
25.196	0.000	369.867	201.077	111739.600	-5937008.000
25.482	0.000	369.867	214.783	101786.400	-5560373.000
25.753	0.000	369.867	229.423	98690.070	-5202486.000
26.032	0.000	369.866	245.062	89036.140	-4878207.000
26.328	0.000	369.866	261.766	82169.090	-4571930.000
26.630	0.000	369.865	279.609	76750.950	-4283390.000
26.884	0.000	369.865	298.669	71772.020	-4011905.000
27.166	0.000	369.865	319.027	66544.820	-3759133.000
27.414	0.000	369.864	340.773	62692.660	-3522110.000
27.692	0.000	369.864	364.002	57470.140	-3299506.000
27.946	0.000	369.864	388.814	53886.750	-3091371.000
28.163	0.000	369.864	415.317	50681.510	-2895602.000
28.396	0.000	369.864	443.627	47898.940	-2712823.000
28.612	0.000	369.863	473.866	44905.750	-2540538.000
28.872	0.000	369.863	506.167	40424.060	-2379590.000
29.079	0.000	369.863	540.670	37936.120	-2230323.000
29.353	0.000	369.863	577.524	36068.180	-2089163.000
29.579	0.000	369.862	616.890	33359.190	-1957033.000
29.765	0.000	369.862	658.940	30342.730	-1834311.000
29.993	0.000	369.862	703.857	29092.480	-1718117.000
30.206	0.000	369.862	751.834	27070.750	-1609044.000
30.407	0.000	369.861	803.083	25296.730	-1508146.000
30.650	0.000	369.861	857.824	23265.290	-1412940.000
30.878	0.000	369.861	916.297	21565.310	-1323708.000
31.065	0.000	369.861	978.756	20150.360	-1240095.000
31.586	0.000	369.860	1045.472	18803.900	-1161760.000
32.073	0.000	369.860	1116.736	17723.060	-1087934.000
32.549	0.000	369.859	1192.857	16565.970	-1019164.000
32.989	0.000	369.859	1274.167	15525.640	-954550.200
33.406	0.000	369.858	1361.020	14423.540	-894371.800
33.813	0.000	369.858	1453.793	13448.770	-837696.200
34.187	0.000	369.857	1552.890	12585.150	-784574.900
34.555	0.000	369.857	1658.741	11903.360	-734975.900
34.958	0.000	369.857	1771.808	11117.120	-688494.400
35.338	0.000	369.856	1892.582	10269.550	-644800.900
35.686	0.000	369.856	2021.589	9674.823	-603836.600
36.042	0.000	369.856	2159.389	9031.488	-565563.200
36.398	0.000	369.856	2306.582	8443.355	-529810.200
36.711	0.000	369.857	2463.808	7937.422	-496237.200
37.054	0.000	369.857	2631.752	7424.259	-464851.100
37.429	0.000	369.857	2811.143	6987.651	-435417.800
37.793	0.000	369.857	3002.763	6612.156	-407869.700
38.060	0.000	369.857	3207.444	6186.951	-382064.200
38.388	0.000	369.857	3426.077	5740.098	-357910.900
38.623	0.000	369.857	3659.613	5289.336	-335294.800
38.939	0.000	369.857	3909.068	5011.632	-314109.400
39.326	0.000	369.858	4175.526	4662.488	-294299.700
39.669	0.000	369.859	4460.148	4380.852	-275676.100
40.049	0.000	369.859	4764.171	4113.372	-258219.800
40.397	0.000	369.860	5088.917	3850.445	-241956.500
40.754	0.000	369.861	5435.799	3576.289	-226533.700
41.049	0.000	369.861	5806.326	3357.189	-212244.500
41.373	0.000	369.862	6202.110	3134.174	-198858.100
41.645	0.000	369.863	6624.872	2929.004	-186253.700
41.928	0.000	369.863	7076.452	2767.918	-174503.200
42.192	0.000	369.865	7558.813	2607.021	-163439.300
42.513	0.000	369.865	8074.054	2409.706	-153037.900
42.797	0.000	369.866	8624.416	2229.501	-143413.700
43.106	0.000	369.867	9212.292	2076.652	-134292.300
43.380	0.000	369.867	9840.241	2005.223	-125824.200
43.697	0.000	369.868	10510.994	1887.850	-117854.800
43.931	0.000	369.869	11227.468	1775.615	-110405.000
44.204	0.000	369.869	11992.780	1649.963	-103399.400
44.457	0.000	369.870	12810.259	1566.229	-96884.040
44.797	0.000	369.871	13683.461	1477.072	-90768.260
45.053	0.000	369.872	14616.184	1380.873	-85027.010
45.286	0.000	369.872	15612.485	1312.770	-79647.800
45.564	0.000	369.872	16676.698	1212.468	-74613.080
45.828	0.000	369.873	17813.453	1145.816	-69900.480
46.077	0.000	369.873	19027.694	1085.708	-65482.570
46.303	0.000	369.874	20324.702	1027.473	-61358.440
46.545	0.000	369.874	21710.121	962.859	-57454.620
46.814	0.000	369.875	23189.975	927.338	-53810.640
47.135	0.000	369.875	24770.702	856.680	-50428.870
47.393	0.000	369.876	26459.178	801.154	-47229.360
47.677	0.000	369.877	28262.749	750.774	-44237.470
47.922	0.000	369.877	30189.258	720.231	-41450.170
48.210	0.000	369.878	32247.086	680.775	-38824.960
48.493	0.000	369.879	34445.185	637.027	-36371.430
48.724	0.000	369.879	36793.115	600.784	-34073.790
48.940	0.000	369.880	39301.090	571.561	-31923.580
49.200	0.000	369.880	41980.020	537.444	-29906.480
49.574	0.000	369.881	44841.556	507.801	-28004.310
50.009	0.000	369.882	47898.147	481.728	-26240.090
50.463	0.000	369.883	51163.089	446.129	-24584.900
50.761	0.000	369.884	54650.583	420.740	-23034.440
51.120	0.000	369.885	58375.799	407.897	-21574.060
51.410	0.000	369.885	62354.942	382.672	-20190.980
51.839	0.000	369.886	66605.320	364.888	-18932.730
52.219	0.000	369.887	71145.421	348.095	-17740.260
52.471	0.000	369.888	75994.996	331.992	-16618.490
52.736	0.000	369.889	81175.138	310.098	-15579.740
53.069	0.000	369.889	86708.381	301.054	-14580.340
53.382	0.000	369.890	92618.793	277.716	-13673.550
53.669	0.000	369.891	98932.084	265.167	-12796.690
53.978	0.000	369.891	105675.715	263.290	-11982.760
54.304	0.000	369.892	112879.022	238.259	-11241.710
54.610	0.000	369.893	120573.336	232.233	-10533.750
54.912	0.000	369.894	128792.127	227.982	-9853.923
55.186	0.000	369.894	137571.146	213.307	-9236.617
55.605	0.000	369.895	146948.581	203.419	-8648.188
55.890	0.000	369.896	156965.221	197.020	-8104.040
56.166	0.000	369.897	167664.638	187.555	-7594.818
56.489	0.000	369.897	179093.373	176.105	-7111.127
56.828	0.000	369.898	191301.139	172.240	-6662.780
57.113	0.000	369.898	204341.039	167.833	-6241.236
57.420	0.000	369.899	218269.793	160.219	-5846.740
57.746	0.000	369.899	233147.990	150.655	-5471.473
58.027	0.000	369.900	249040.349	148.499	-5128.091
58.349	0.000	369.901	266015.998	142.677	-4804.184
58.673	0.000	369.901	284148.780	138.786	-4500.562
58.931	0.000	369.902	303517.570	132.288	-4214.218
59.369	0.000	369.903	324206.618	130.969	-3943.466
59.702	0.000	369.903	346305.920	128.350	-3690.859
60.005	0.000	369.904	369911.605	122.820	-3460.516
60.307	0.000	369.904	395126.353	117.822	-3240.301
60.582	0.000	369.905	422059.846	114.750	-3033.324
60.898	0.000	369.905	450829.241	113.947	-2840.860
61.223	0.000	369.906	481559.679	110.344	-2657.924
61.514	0.000	369.906	514384.835	110.120	-2488.980
61.756	0.000	369.906	549447.493	111.559	-2333.503
62.054	0.000	369.907	586900.171	106.755	-2177.727
62.331	0.000	369.907	626905.783	111.625	-2034.913
62.637	0.000	369.907	669638.348	110.108	-1922.378
62.961	0.000	369.908	715283.746	102.419	-1801.113
63.251	0.000	369.908	764040.529	101.046	-1678.377
63.557	0.000	369.908	816120.781	95.793	-1571.835
63.901	0.000	369.909	871751.044	91.891	-1466.866
64.196	0.000	369.909	931173.304	91.795	-1367.531
64.448	0.000	369.910	994646.037	94.882	-1276.461
64.753	0.000	369.910	1062445.341	43.027	-1199.184
65.014	0.000	369.911	1134866.134	49.348	-1111.748
65.410	0.000	369.911	1212223.437	46.467	-1048.455
65.735	0.000	369.911	1294853.743	45.581	-978.582
66.089	0.000	369.912	1383116.481	42.574	-918.615
66.596	0.000	369.913	1477395.584	41.008	-860.054
66.989	0.000	369.914	1578101.150	38.403	-799.988
67.277	0.000	369.914	1685671.237	35.229	-747.836
67.633	0.000	369.914	1800573.758	36.192	-693.355
67.972	0.000	369.914	1923308.524	35.546	-644.965
68.221	0.000	369.915	2054409.414	37.612	-602.022
68.542	0.000	369.915	2194446.698	39.617	-555.892
68.798	0.000	369.915	2344029.518	36.146	-518.497
69.043	0.000	369.915	2503808.540	32.928	-483.218
69.350	0.000	369.915	2674478.780	31.844	-444.062
69.698	0.000	369.915	2856782.629	30.717	-410.364
69.996	0.000	369.915	3051513.084	30.481	-372.590
70.269	0.000	369.915	3259517.196	35.298	-340.328
70.570	0.000	369.916	3481699.752	37.401	-311.616
70.849	0.000	369.916	3719027.216	49.115	-282.899
71.128	0.000	369.916	3972531.929	65.194	-269.246
71.436	0.000	369.916	4243316.602	45.369	-251.126
71.775	0.000	369.916	4532559.110	47.885	-238.483
72.126	0.000	369.916	4841517.618	37.347	-210.859
72.428	0.000	369.916	5171536.051	35.807	-188.467
72.839	0.000	369.916	5524049.945	35.480	-167.772
73.100	0.000	369.916	5900592.685	32.212	-145.672
73.420	0.000	369.916	6302802.180	34.132	-126.127
73.694	0.000	369.916	6732427.985	33.814	-110.142
73.941	0.000	369.916	7191338.911	31.707	-91.149
74.203	0.000	369.917	7681531.159	33.815	-75.213
74.547	0.000	369.917	8205136.995	32.667	-62.810
74.821	0.000	369.917	8764434.032	30.679	-47.023
75.153	0.000	369.917	9361855.135	31.441	-31.732
75.420	0.000	369.917	9999999.000	32.124	-19.092
