Time (s)	Light (A)	T (K)	f (Hz)	R (Ohm)	X (Ohm)
1.474	0.000	384.933	20.000	-10683910.000	-54076820.000
2.853	0.000	384.933	21.363	2385455.000	-52303730.000
4.151	0.000	384.933	22.819	2002413.000	-49232580.000
5.371	0.000	384.933	24.375	1936268.000	-46079000.000
6.524	0.000	384.932	26.036	1760217.000	-43164470.000
7.603	0.000	384.932	27.811	1524048.000	-40553320.000
8.617	0.000	384.932	29.707	1416242.000	-37967570.000
9.571	0.000	384.932	31.732	1253783.000	-35566670.000
10.472	0.000	384.932	33.895	1178454.000	-33210870.000
11.318	0.000	384.933	36.205	1097113.000	-31288920.000
12.119	0.000	384.933	38.673	1084842.000	-29260400.000
13.062	0.000	384.933	41.309	891897.700	-27376020.000
13.951	0.000	384.933	44.125	734470.900	-25619430.000
14.784	0.000	384.933	47.133	599320.400	-24019510.000
15.571	0.000	384.933	50.346	511801.700	-22501130.000
16.311	0.000	384.933	53.777	531158.400	-21092610.000
17.008	0.000	384.933	57.443	539346.300	-19790370.000
17.665	0.000	384.933	61.359	535858.500	-18544970.000
18.283	0.000	384.933	65.541	501549.800	-17392190.000
18.870	0.000	384.933	70.009	439416.400	-16289310.000
19.423	0.000	384.933	74.781	413194.000	-15262510.000
19.944	0.000	384.933	79.878	382704.200	-14325190.000
20.437	0.000	384.933	85.323	348903.400	-13406690.000
20.903	0.000	384.933	91.139	325002.300	-12564210.000
21.343	0.000	384.933	97.352	282719.500	-11785070.000
21.760	0.000	384.933	103.987	274201.500	-11044700.000
22.152	0.000	384.932	111.076	243381.800	-10339960.000
22.531	0.000	384.932	118.647	227054.400	-9691120.000
22.892	0.000	384.932	126.735	211533.200	-9076128.000
23.254	0.000	384.932	135.373	194389.800	-8502893.000
23.587	0.000	384.932	144.601	182523.200	-7957731.000
23.910	0.000	384.932	154.458	171013.200	-7471130.000
24.239	0.000	384.932	164.986	150210.500	-6994787.000
24.534	0.000	384.932	176.232	140483.600	-6550665.000
24.821	0.000	384.932	188.245	130575.500	-6139801.000
25.127	0.000	384.932	201.077	122189.100	-5753510.000
25.417	0.000	384.932	214.783	113508.700	-5389336.000
25.682	0.000	384.933	229.423	105854.700	-5048807.000
25.959	0.000	384.933	245.062	96671.460	-4729554.000
26.265	0.000	384.933	261.766	88454.120	-4430229.000
26.572	0.000	384.933	279.609	81636.120	-4152683.000
26.881	0.000	384.933	298.669	75776.810	-3890168.000
27.177	0.000	384.933	319.027	69769.440	-3645336.000
27.464	0.000	384.933	340.773	63962.240	-3414301.000
27.705	0.000	384.933	364.002	60638.640	-3198439.000
27.975	0.000	384.933	388.814	55273.180	-2996682.000
28.198	0.000	384.933	415.317	52361.690	-2807411.000
28.436	0.000	384.933	443.627	48032.270	-2630876.000
28.666	0.000	384.933	473.866	45164.170	-2463983.000
28.913	0.000	384.933	506.167	40917.430	-2309193.000
29.122	0.000	384.933	540.670	37871.300	-2162795.000
29.406	0.000	384.933	577.524	35818.690	-2026404.000
29.644	0.000	384.933	616.890	33594.740	-1898080.000
29.922	0.000	384.933	658.940	30354.030	-1778213.000
30.113	0.000	384.933	703.857	28929.890	-1665777.000
30.331	0.000	384.933	751.834	26696.230	-1559786.000
30.511	0.000	384.933	803.083	24756.150	-1461761.000
30.758	0.000	384.933	857.824	22686.990	-1369693.000
30.955	0.000	384.933	916.297	21419.830	-1283050.000
31.154	0.000	384.933	978.756	19934.310	-1201715.000
31.685	0.000	384.933	1045.472	18799.360	-1126096.000
32.172	0.000	384.933	1116.736	17333.640	-1055001.000
32.631	0.000	384.932	1192.857	16124.930	-988366.700
33.066	0.000	384.932	1274.167	14992.330	-925828.400
33.479	0.000	384.932	1361.020	13807.740	-867423.900
33.903	0.000	384.932	1453.793	13088.450	-812533.600
34.291	0.000	384.932	1552.890	12271.400	-761244.700
34.661	0.000	384.931	1658.741	11357.150	-712992.200
35.018	0.000	384.931	1771.808	10654.100	-667952.000
35.373	0.000	384.931	1892.582	9832.500	-625692.600
35.740	0.000	384.931	2021.589	9274.458	-586112.800
36.083	0.000	384.931	2159.389	8558.520	-549071.400
36.399	0.000	384.931	2306.582	8048.283	-514332.200
36.761	0.000	384.932	2463.808	7538.332	-481836.000
37.063	0.000	384.932	2631.752	7057.787	-451311.400
37.397	0.000	384.932	2811.143	6531.222	-422842.000
37.718	0.000	384.932	3002.763	6102.843	-396117.400
37.994	0.000	384.932	3207.444	5730.246	-371057.800
38.244	0.000	384.932	3426.077	5389.853	-347628.000
38.493	0.000	384.932	3659.613	4995.849	-325636.400
38.719	0.000	384.933	3909.068	4620.853	-305061.400
39.091	0.000	384.933	4175.526	4419.343	-285762.200
39.473	0.000	384.933	4460.148	4095.772	-267705.300
39.786	0.000	384.933	4764.171	3879.664	-250714.300
40.142	0.000	384.933	5088.917	3573.629	-234913.000
40.444	0.000	384.933	5435.799	3382.977	-220071.800
40.755	0.000	384.933	5806.326	3104.944	-206176.500
41.003	0.000	384.933	6202.110	2897.559	-193103.200
41.283	0.000	384.933	6624.872	2715.506	-180845.300
41.569	0.000	384.933	7076.452	2627.938	-169455.900
41.810	0.000	384.933	7558.813	2396.018	-158755.900
42.183	0.000	384.933	8074.054	2282.322	-148674.000
42.478	0.000	384.933	8624.416	2169.475	-139265.300
42.816	0.000	384.934	9212.292	1983.958	-130532.100
43.092	0.000	384.934	9840.241	1840.146	-122217.400
43.448	0.000	384.934	10510.994	1749.201	-114504.600
43.701	0.000	384.934	11227.468	1656.399	-107250.400
43.962	0.000	384.934	11992.780	1536.342	-100462.800
44.342	0.000	384.934	12810.259	1457.395	-94125.510
44.589	0.000	384.934	13683.461	1370.962	-88180.840
44.844	0.000	384.934	14616.184	1282.875	-82604.060
45.226	0.000	384.934	15612.485	1198.476	-77380.440
45.482	0.000	384.934	16676.698	1135.432	-72487.730
45.737	0.000	384.935	17813.453	1067.175	-67910.190
46.013	0.000	384.935	19027.694	1002.773	-63619.440
46.259	0.000	384.935	20324.702	950.766	-59599.150
46.551	0.000	384.935	21710.121	889.729	-55816.650
46.823	0.000	384.935	23189.975	839.272	-52295.150
47.095	0.000	384.935	24770.702	782.183	-48990.700
47.358	0.000	384.935	26459.178	740.727	-45888.990
47.590	0.000	384.935	28262.749	690.772	-43006.840
47.967	0.000	384.935	30189.258	671.276	-40276.590
48.214	0.000	384.935	32247.086	608.243	-37730.190
48.454	0.000	384.935	34445.185	583.758	-35340.990
48.685	0.000	384.935	36793.115	539.582	-33111.940
48.955	0.000	384.935	39301.090	501.394	-31021.070
49.224	0.000	384.935	41980.020	479.295	-29051.520
49.598	0.000	384.935	44841.556	455.236	-27225.820
50.009	0.000	384.935	47898.147	427.806	-25503.460
50.468	0.000	384.935	51163.089	405.326	-23888.810
50.770	0.000	384.935	54650.583	377.708	-22381.230
51.145	0.000	384.935	58375.799	354.384	-20961.090
51.450	0.000	384.935	62354.942	349.709	-19647.300
51.886	0.000	384.935	66605.320	315.220	-18392.740
52.236	0.000	384.935	71145.421	305.570	-17233.530
52.536	0.000	384.935	75994.996	286.508	-16142.220
52.780	0.000	384.934	81175.138	252.401	-15115.510
53.100	0.000	384.934	86708.381	258.499	-14168.130
53.405	0.000	384.934	92618.793	237.116	-13273.620
53.718	0.000	384.934	98932.084	225.735	-12437.450
54.021	0.000	384.934	105675.715	200.435	-11661.180
54.306	0.000	384.933	112879.022	201.256	-10916.720
54.576	0.000	384.933	120573.336	184.077	-10226.400
54.900	0.000	384.933	128792.127	169.617	-9596.925
55.165	0.000	384.933	137571.146	168.338	-8978.649
55.506	0.000	384.933	146948.581	163.318	-8404.763
55.800	0.000	384.933	156965.221	155.518	-7876.278
56.056	0.000	384.933	167664.638	145.191	-7377.251
56.376	0.000	384.933	179093.373	141.969	-6907.525
56.702	0.000	384.933	191301.139	130.817	-6468.550
56.992	0.000	384.933	204341.039	125.417	-6064.601
57.283	0.000	384.933	218269.793	121.205	-5677.300
57.637	0.000	384.933	233147.990	106.980	-5321.005
57.898	0.000	384.933	249040.349	111.342	-4981.101
58.203	0.000	384.933	266015.998	105.795	-4665.526
58.501	0.000	384.933	284148.780	102.699	-4369.903
58.795	0.000	384.933	303517.570	96.620	-4092.622
59.201	0.000	384.933	324206.618	94.092	-3831.523
59.480	0.000	384.933	346305.920	90.460	-3587.614
59.794	0.000	384.933	369911.605	88.601	-3361.464
60.070	0.000	384.933	395126.353	81.435	-3146.187
60.382	0.000	384.934	422059.846	80.118	-2944.518
60.745	0.000	384.934	450829.241	78.250	-2756.925
61.036	0.000	384.934	481559.679	75.620	-2581.987
61.287	0.000	384.935	514384.835	75.874	-2417.197
61.567	0.000	384.935	549447.493	72.481	-2261.379
61.818	0.000	384.935	586900.171	70.063	-2117.889
62.095	0.000	384.935	626905.783	71.070	-1983.584
62.383	0.000	384.935	669638.348	90.759	-1856.693
62.657	0.000	384.935	715283.746	65.897	-1745.660
62.907	0.000	384.936	764040.529	62.061	-1630.107
63.222	0.000	384.936	816120.781	60.900	-1524.799
63.471	0.000	384.936	871751.044	59.440	-1425.726
63.757	0.000	384.936	931173.304	56.508	-1332.346
63.997	0.000	384.936	994646.037	63.303	-1242.807
64.298	0.000	384.937	1062445.341	18.615	-1165.565
64.545	0.000	384.937	1134866.134	10.578	-1082.158
64.952	0.000	384.937	1212223.437	14.778	-1008.686
65.285	0.000	384.937	1294853.743	17.245	-943.916
65.614	0.000	384.937	1383116.481	20.654	-888.445
66.020	0.000	384.937	1477395.584	11.640	-833.169
66.480	0.000	384.937	1578101.150	8.398	-774.130
66.736	0.000	384.937	1685671.237	7.620	-720.935
67.028	0.000	384.937	1800573.758	3.549	-672.084
67.380	0.000	384.937	1923308.524	2.505	-624.475
67.675	0.000	384.937	2054409.414	3.280	-577.275
67.955	0.000	384.938	2194446.698	5.105	-539.147
68.281	0.000	384.938	2344029.518	2.995	-502.146
68.557	0.000	384.937	2503808.540	5.647	-460.312
68.806	0.000	384.937	2674478.780	2.941	-427.569
69.168	0.000	384.937	2856782.629	2.283	-394.508
69.466	0.000	384.937	3051513.084	0.308	-362.939
69.736	0.000	384.937	3259517.196	2.333	-327.995
69.999	0.000	384.937	3481699.752	4.970	-299.655
70.389	0.000	384.937	3719027.216	7.091	-271.034
70.663	0.000	384.937	3972531.929	17.700	-243.625
70.988	0.000	384.937	4243316.602	32.557	-244.909
71.255	0.000	384.937	4532559.110	14.647	-217.696
71.520	0.000	384.937	4841517.618	13.851	-198.966
71.848	0.000	384.938	5171536.051	9.530	-174.786
72.250	0.000	384.938	5524049.945	8.446	-156.494
72.503	0.000	384.938	5900592.685	8.804	-136.935
72.788	0.000	384.938	6302802.180	8.929	-115.059
73.048	0.000	384.938	6732427.985	11.563	-100.758
73.328	0.000	384.939	7191338.911	9.962	-83.793
73.591	0.000	384.939	7681531.159	10.740	-64.917
73.954	0.000	384.939	8205136.995	13.547	-52.055
74.261	0.000	384.939	8764434.032	12.318	-39.000
74.623	0.000	384.939	9361855.135	12.172	-24.161
74.914	0.000	384.939	9999999.000	14.393	-11.386
