Time (s)	Light (A)	T (K)	f (Hz)	R (Ohm)	X (Ohm)
1.472	0.000	404.937	20.000	-6366756.000	-59204770.000
2.856	0.000	404.937	21.363	4132781.000	-47781610.000
4.162	0.000	404.937	22.819	3656276.000	-44742950.000
5.384	0.000	404.937	24.375	3360294.000	-42098390.000
6.531	0.000	404.937	26.036	2987364.000	-39425600.000
7.611	0.000	404.937	27.811	2675310.000	-37040290.000
8.625	0.000	404.937	29.707	2444542.000	-34753110.000
9.579	0.000	404.937	31.732	2207793.000	-32591790.000
10.478	0.000	404.937	33.895	2095198.000	-30503490.000
11.326	0.000	404.937	36.205	1862721.000	-28722810.000
12.129	0.000	404.936	38.673	1722715.000	-26955040.000
13.073	0.000	404.936	41.309	1519805.000	-25223800.000
13.962	0.000	404.936	44.125	1290938.000	-23647780.000
14.802	0.000	404.935	47.133	1133320.000	-22192090.000
15.589	0.000	404.935	50.346	1011009.000	-20736530.000
16.333	0.000	404.935	53.777	932042.200	-19507440.000
17.032	0.000	404.935	57.443	896065.300	-18321290.000
17.713	0.000	404.935	61.359	884858.900	-17177570.000
18.334	0.000	404.935	65.541	789922.900	-16118860.000
18.920	0.000	404.935	70.009	722479.100	-15105220.000
19.475	0.000	404.935	74.781	659989.100	-14168290.000
19.998	0.000	404.935	79.878	587492.700	-13266540.000
20.493	0.000	404.935	85.323	541752.600	-12440880.000
20.960	0.000	404.936	91.139	497388.100	-11658520.000
21.402	0.000	404.936	97.352	441786.100	-10944970.000
21.820	0.000	404.936	103.987	409592.200	-10262760.000
22.213	0.000	404.936	111.076	370151.000	-9608713.000
22.596	0.000	404.936	118.647	340602.300	-9009877.000
22.949	0.000	404.936	126.735	314017.700	-8442182.000
23.298	0.000	404.936	135.373	286764.900	-7917088.000
23.624	0.000	404.935	144.601	265707.600	-7410214.000
23.966	0.000	404.935	154.458	246949.700	-6958779.000
24.297	0.000	404.935	164.986	218709.100	-6518293.000
24.592	0.000	404.935	176.232	202559.600	-6109444.000
24.896	0.000	404.935	188.245	186272.400	-5728295.000
25.182	0.000	404.935	201.077	167860.000	-5364451.000
25.471	0.000	404.935	214.783	153524.600	-5030385.000
25.729	0.000	404.935	229.423	141728.700	-4712253.000
25.983	0.000	404.935	245.062	129926.000	-4415394.000
26.268	0.000	404.935	261.766	120507.900	-4137627.000
26.578	0.000	404.935	279.609	109384.300	-3879320.000
26.875	0.000	404.935	298.669	100080.900	-3633934.000
27.174	0.000	404.935	319.027	92277.890	-3406581.000
27.476	0.000	404.935	340.773	84932.350	-3191515.000
27.710	0.000	404.935	364.002	78120.320	-2990348.000
27.985	0.000	404.935	388.814	72248.860	-2802324.000
28.217	0.000	404.935	415.317	66225.450	-2625771.000
28.465	0.000	404.935	443.627	60549.910	-2460877.000
28.689	0.000	404.935	473.866	56227.490	-2304785.000
28.954	0.000	404.935	506.167	51113.040	-2160637.000
29.149	0.000	404.935	540.670	48183.080	-2024654.000
29.422	0.000	404.935	577.524	44031.260	-1897011.000
29.663	0.000	404.935	616.890	40890.710	-1777300.000
29.932	0.000	404.936	658.940	37475.130	-1665199.000
30.136	0.000	404.936	703.857	34654.080	-1560348.000
30.356	0.000	404.936	751.834	32197.230	-1461980.000
30.608	0.000	404.936	803.083	30100.910	-1369585.000
30.809	0.000	404.936	857.824	27409.570	-1283047.000
31.017	0.000	404.936	916.297	25448.880	-1202246.000
31.182	0.000	404.936	978.756	23479.550	-1126399.000
31.709	0.000	404.936	1045.472	21748.930	-1055737.000
32.194	0.000	404.936	1116.736	19906.890	-989340.700
32.655	0.000	404.936	1192.857	18408.760	-926672.100
33.091	0.000	404.937	1274.167	17144.070	-868094.000
33.501	0.000	404.937	1361.020	15794.120	-813276.100
33.916	0.000	404.937	1453.793	14816.930	-762096.200
34.304	0.000	404.937	1552.890	13612.710	-713752.400
34.709	0.000	404.938	1658.741	12616.580	-668728.000
35.095	0.000	404.938	1771.808	11672.460	-626457.200
35.432	0.000	404.938	1892.582	10871.640	-586984.300
35.800	0.000	404.938	2021.589	9968.339	-549900.800
36.152	0.000	404.938	2159.389	9268.706	-515170.700
36.473	0.000	404.938	2306.582	8661.105	-482643.700
36.779	0.000	404.938	2463.808	8057.917	-452107.400
37.146	0.000	404.938	2631.752	7441.891	-423636.300
37.419	0.000	404.939	2811.143	6944.695	-396833.300
37.727	0.000	404.939	3002.763	6523.770	-371803.100
38.005	0.000	404.939	3207.444	5997.496	-348253.100
38.294	0.000	404.939	3426.077	5594.039	-326110.600
38.566	0.000	404.939	3659.613	5193.665	-305502.300
38.833	0.000	404.939	3909.068	4803.293	-286208.500
39.246	0.000	404.938	4175.526	4497.499	-268092.700
39.623	0.000	404.939	4460.148	4184.046	-251184.600
39.994	0.000	404.939	4764.171	3881.630	-235332.200
40.293	0.000	404.939	5088.917	3606.985	-220464.200
40.619	0.000	404.939	5435.799	3333.294	-206551.900
40.941	0.000	404.939	5806.326	3102.768	-193442.900
41.215	0.000	404.939	6202.110	2905.360	-181241.100
41.457	0.000	404.939	6624.872	2723.704	-169733.100
41.771	0.000	404.939	7076.452	2533.843	-158970.000
42.025	0.000	404.939	7558.813	2402.774	-149025.700
42.324	0.000	404.939	8074.054	2183.587	-139567.800
42.628	0.000	404.939	8624.416	2036.235	-130690.400
42.952	0.000	404.939	9212.292	1905.854	-122397.700
43.204	0.000	404.939	9840.241	1812.820	-114734.800
43.447	0.000	404.939	10510.994	1691.860	-107418.500
43.673	0.000	404.939	11227.468	1580.016	-100651.300
43.948	0.000	404.939	11992.780	1473.225	-94263.570
44.293	0.000	404.939	12810.259	1379.917	-88326.730
44.549	0.000	404.939	13683.461	1309.091	-82745.730
44.800	0.000	404.939	14616.184	1219.445	-77519.800
45.166	0.000	404.939	15612.485	1147.023	-72628.450
45.404	0.000	404.939	16676.698	1069.221	-68022.320
45.689	0.000	404.939	17813.453	1009.356	-63711.760
45.996	0.000	404.939	19027.694	941.241	-59700.940
46.288	0.000	404.939	20324.702	878.952	-55931.460
46.554	0.000	404.939	21710.121	822.691	-52395.110
46.808	0.000	404.939	23189.975	786.246	-49074.270
47.055	0.000	404.939	24770.702	725.857	-45965.770
47.305	0.000	404.939	26459.178	689.757	-43062.610
47.619	0.000	404.939	28262.749	644.499	-40325.090
47.880	0.000	404.939	30189.258	601.805	-37767.880
48.123	0.000	404.939	32247.086	565.555	-35399.830
48.406	0.000	404.939	34445.185	536.118	-33152.740
48.665	0.000	404.939	36793.115	508.908	-31057.580
48.906	0.000	404.939	39301.090	481.639	-29096.070
49.183	0.000	404.939	41980.020	450.985	-27250.560
49.561	0.000	404.939	44841.556	420.514	-25531.380
49.924	0.000	404.939	47898.147	394.868	-23917.930
50.362	0.000	404.939	51163.089	376.364	-22409.440
50.679	0.000	404.939	54650.583	352.594	-20988.270
51.058	0.000	404.939	58375.799	331.939	-19661.170
51.342	0.000	404.939	62354.942	290.872	-18416.490
51.774	0.000	404.939	66605.320	297.664	-17257.490
52.139	0.000	404.939	71145.421	282.166	-16169.930
52.418	0.000	404.939	75994.996	265.260	-15138.870
52.704	0.000	404.939	81175.138	245.587	-14187.820
53.024	0.000	404.939	86708.381	234.474	-13286.910
53.308	0.000	404.939	92618.793	212.036	-12453.110
53.612	0.000	404.939	98932.084	207.097	-11665.840
53.902	0.000	404.939	105675.715	197.123	-10948.060
54.234	0.000	404.939	112879.022	191.314	-10231.760
54.540	0.000	404.938	120573.336	162.656	-9585.563
54.856	0.000	404.938	128792.127	181.962	-8988.577
55.109	0.000	404.938	137571.146	155.099	-8413.288
55.472	0.000	404.939	146948.581	151.202	-7884.434
55.782	0.000	404.939	156965.221	140.774	-7381.674
56.105	0.000	404.939	167664.638	134.256	-6915.813
56.392	0.000	404.939	179093.373	128.843	-6481.417
56.710	0.000	404.939	191301.139	108.579	-6068.101
57.000	0.000	404.939	204341.039	117.326	-5685.376
57.363	0.000	404.939	218269.793	113.279	-5325.572
57.687	0.000	404.938	233147.990	115.152	-4987.193
57.999	0.000	404.938	249040.349	103.511	-4669.857
58.293	0.000	404.938	266015.998	99.149	-4375.195
58.571	0.000	404.938	284148.780	95.955	-4100.415
58.940	0.000	404.938	303517.570	90.984	-3838.949
59.428	0.000	404.938	324206.618	86.465	-3594.091
59.754	0.000	404.938	346305.920	83.547	-3364.086
60.078	0.000	404.937	369911.605	81.118	-3151.787
60.383	0.000	404.937	395126.353	77.732	-2951.616
60.665	0.000	404.937	422059.846	76.053	-2763.309
61.005	0.000	404.937	450829.241	73.367	-2586.645
61.365	0.000	404.937	481559.679	71.580	-2422.689
61.644	0.000	404.937	514384.835	68.066	-2267.281
61.888	0.000	404.937	549447.493	66.702	-2121.116
62.178	0.000	404.937	586900.171	66.401	-1986.173
62.437	0.000	404.938	626905.783	64.567	-1860.348
62.741	0.000	404.938	669638.348	71.335	-1736.520
62.986	0.000	404.938	715283.746	65.338	-1634.334
63.273	0.000	404.938	764040.529	63.870	-1532.484
63.540	0.000	404.938	816120.781	56.074	-1428.647
63.872	0.000	404.938	871751.044	56.033	-1337.267
64.137	0.000	404.938	931173.304	54.539	-1250.180
64.463	0.000	404.938	994646.037	53.170	-1165.213
64.738	0.000	404.938	1062445.341	14.651	-1084.583
65.049	0.000	404.938	1134866.134	8.139	-1017.697
65.529	0.000	404.938	1212223.437	11.836	-946.362
65.874	0.000	404.938	1294853.743	11.389	-887.974
66.172	0.000	404.938	1383116.481	12.631	-829.083
66.694	0.000	404.938	1477395.584	7.753	-779.594
67.221	0.000	404.938	1578101.150	7.561	-726.226
67.588	0.000	404.938	1685671.237	5.821	-676.730
67.891	0.000	404.938	1800573.758	2.851	-629.631
68.262	0.000	404.939	1923308.524	4.148	-585.483
68.520	0.000	404.939	2054409.414	2.614	-542.654
68.852	0.000	404.939	2194446.698	5.080	-502.039
69.122	0.000	404.939	2344029.518	4.236	-470.937
69.443	0.000	404.938	2503808.540	5.146	-431.599
69.711	0.000	404.938	2674478.780	3.133	-401.713
70.136	0.000	404.938	2856782.629	3.787	-369.981
70.468	0.000	404.938	3051513.084	2.257	-342.136
70.759	0.000	404.938	3259517.196	0.592	-309.583
71.032	0.000	404.938	3481699.752	4.629	-282.896
71.354	0.000	404.938	3719027.216	3.735	-257.108
71.751	0.000	404.938	3972531.929	8.280	-227.270
72.110	0.000	404.938	4243316.602	24.041	-211.069
72.404	0.000	404.938	4532559.110	11.375	-204.672
72.802	0.000	404.938	4841517.618	12.453	-181.178
73.121	0.000	404.938	5171536.051	7.743	-162.643
73.596	0.000	404.938	5524049.945	9.622	-141.322
73.909	0.000	404.938	5900592.685	8.814	-123.800
74.163	0.000	404.938	6302802.180	8.266	-105.037
74.434	0.000	404.938	6732427.985	13.125	-89.695
74.720	0.000	404.938	7191338.911	9.160	-75.239
75.025	0.000	404.938	7681531.159	9.350	-57.011
75.420	0.000	404.938	8205136.995	12.212	-41.971
75.713	0.000	404.938	8764434.032	13.552	-31.524
76.056	0.000	404.938	9361855.135	12.732	-18.796
76.342	0.000	404.938	9999999.000	14.011	-6.210
