Time (s)	Light (A)	T (K)	f (Hz)	R (Ohm)	X (Ohm)
1.474	0.000	385.070	20.000	-8035460.000	-50109980.000
2.856	0.000	385.070	21.363	4276385.000	-49153680.000
4.178	0.000	385.070	22.819	3920279.000	-46136350.000
5.397	0.000	385.071	24.375	3595087.000	-43357670.000
6.544	0.000	385.071	26.036	3230986.000	-40656620.000
7.638	0.000	385.072	27.811	2965877.000	-38199510.000
8.652	0.000	385.073	29.707	2661035.000	-35796160.000
9.609	0.000	385.073	31.732	2447332.000	-33629150.000
10.507	0.000	385.073	33.895	2141225.000	-31495780.000
11.352	0.000	385.073	36.205	2056455.000	-29569870.000
12.167	0.000	385.073	38.673	1889074.000	-27731840.000
13.107	0.000	385.073	41.309	1633850.000	-26010700.000
14.018	0.000	385.072	44.125	1412233.000	-24410000.000
14.865	0.000	385.071	47.133	1221421.000	-22867920.000
15.651	0.000	385.071	50.346	1062959.000	-21441730.000
16.390	0.000	385.071	53.777	1029142.000	-20122110.000
17.125	0.000	385.072	57.443	986029.400	-18927630.000
17.783	0.000	385.072	61.359	941707.100	-17759410.000
18.416	0.000	385.071	65.541	849053.400	-16634250.000
19.002	0.000	385.071	70.009	802501.400	-15619740.000
19.555	0.000	385.071	74.781	716632.800	-14636490.000
20.078	0.000	385.071	79.878	662856.800	-13712410.000
20.573	0.000	385.071	85.323	600789.200	-12864620.000
21.057	0.000	385.071	91.139	555971.100	-12072840.000
21.519	0.000	385.071	97.352	499002.300	-11309630.000
21.935	0.000	385.072	103.987	457754.300	-10609050.000
22.331	0.000	385.072	111.076	425996.900	-9948246.000
22.704	0.000	385.071	118.647	392634.900	-9322551.000
23.069	0.000	385.071	126.735	364124.700	-8744568.000
23.457	0.000	385.071	135.373	325593.200	-8196436.000
23.783	0.000	385.071	144.601	296465.200	-7689231.000
24.123	0.000	385.071	154.458	273701.500	-7196670.000
24.445	0.000	385.072	164.986	254538.400	-6754785.000
24.742	0.000	385.071	176.232	232232.300	-6330405.000
25.016	0.000	385.071	188.245	217799.000	-5934115.000
25.311	0.000	385.071	201.077	200400.100	-5562784.000
25.641	0.000	385.071	214.783	185032.200	-5215238.000
25.935	0.000	385.071	229.423	167807.700	-4886642.000
26.234	0.000	385.071	245.062	155889.700	-4581171.000
26.555	0.000	385.071	261.766	141748.800	-4292520.000
26.843	0.000	385.071	279.609	130213.200	-4023961.000
27.146	0.000	385.071	298.669	120589.900	-3771895.000
27.415	0.000	385.071	319.027	110561.900	-3534922.000
27.704	0.000	385.071	340.773	101978.600	-3313523.000
28.034	0.000	385.071	364.002	94187.680	-3105015.000
28.341	0.000	385.071	388.814	86624.950	-2911460.000
28.570	0.000	385.071	415.317	79871.710	-2727666.000
28.838	0.000	385.071	443.627	73634.120	-2556155.000
29.047	0.000	385.071	473.866	68090.190	-2395264.000
29.301	0.000	385.072	506.167	62486.570	-2245311.000
29.552	0.000	385.072	540.670	58318.780	-2103891.000
29.747	0.000	385.071	577.524	54221.890	-1971808.000
29.998	0.000	385.071	616.890	50002.360	-1848229.000
30.227	0.000	385.071	658.940	46025.840	-1731769.000
30.417	0.000	385.071	703.857	43015.600	-1622588.000
30.655	0.000	385.071	751.834	39597.590	-1520654.000
30.845	0.000	385.071	803.083	37057.750	-1425006.000
31.046	0.000	385.071	857.824	33832.200	-1335401.000
31.271	0.000	385.071	916.297	31543.040	-1251434.000
31.453	0.000	385.071	978.756	29250.990	-1172789.000
31.976	0.000	385.071	1045.472	27034.090	-1099010.000
32.462	0.000	385.071	1116.736	24871.160	-1029941.000
32.920	0.000	385.071	1192.857	22953.150	-965048.900
33.354	0.000	385.070	1274.167	21407.750	-904144.700
33.781	0.000	385.070	1361.020	19804.290	-847357.600
34.182	0.000	385.070	1453.793	18478.340	-794007.600
34.609	0.000	385.070	1552.890	17031.700	-744060.700
34.983	0.000	385.070	1658.741	15886.860	-697138.700
35.382	0.000	385.070	1771.808	14647.170	-653217.800
35.780	0.000	385.070	1892.582	13685.460	-612135.800
36.120	0.000	385.070	2021.589	12716.320	-573536.600
36.478	0.000	385.070	2159.389	11830.830	-537430.800
36.835	0.000	385.070	2306.582	10993.830	-503585.300
37.145	0.000	385.070	2463.808	10203.870	-471804.800
37.452	0.000	385.070	2631.752	9528.600	-442118.400
37.734	0.000	385.070	2811.143	8851.650	-414198.300
37.997	0.000	385.070	3002.763	8182.375	-388124.600
38.309	0.000	385.070	3207.444	7696.214	-363674.200
38.568	0.000	385.070	3426.077	7130.909	-340715.600
38.887	0.000	385.070	3659.613	6648.534	-319240.300
39.109	0.000	385.070	3909.068	6173.493	-299082.200
39.436	0.000	385.070	4175.526	5795.147	-280261.900
39.808	0.000	385.070	4460.148	5358.408	-262649.100
40.128	0.000	385.070	4764.171	5039.449	-246094.500
40.453	0.000	385.070	5088.917	4720.335	-230512.200
40.768	0.000	385.070	5435.799	4349.794	-216041.000
41.041	0.000	385.070	5806.326	4093.281	-202349.200
41.358	0.000	385.070	6202.110	3748.487	-189652.000
41.632	0.000	385.070	6624.872	3499.954	-177693.700
41.862	0.000	385.070	7076.452	3315.170	-166513.000
42.126	0.000	385.070	7558.813	3108.814	-155932.900
42.454	0.000	385.071	8074.054	2926.980	-146101.600
42.773	0.000	385.071	8624.416	2704.625	-136891.400
43.054	0.000	385.071	9212.292	2558.942	-128231.900
43.323	0.000	385.071	9840.241	2376.352	-120181.200
43.567	0.000	385.071	10510.994	2199.025	-112588.000
43.856	0.000	385.072	11227.468	2079.869	-105492.100
44.135	0.000	385.072	11992.780	1944.036	-98832.520
44.402	0.000	385.072	12810.259	1822.210	-92610.350
44.684	0.000	385.072	13683.461	1704.358	-86757.910
44.996	0.000	385.072	14616.184	1597.248	-81298.130
45.263	0.000	385.072	15612.485	1493.091	-76180.230
45.520	0.000	385.072	16676.698	1398.887	-71369.830
45.767	0.000	385.072	17813.453	1309.459	-66871.350
46.060	0.000	385.072	19027.694	1227.896	-62652.320
46.326	0.000	385.072	20324.702	1157.733	-58698.940
46.567	0.000	385.072	21710.121	1072.961	-55000.120
46.807	0.000	385.072	23189.975	1000.636	-51534.130
47.054	0.000	385.072	24770.702	943.240	-48270.530
47.349	0.000	385.072	26459.178	886.181	-45226.110
47.584	0.000	385.072	28262.749	849.842	-42387.480
47.869	0.000	385.072	30189.258	752.584	-39701.200
48.161	0.000	385.072	32247.086	735.948	-37192.920
48.414	0.000	385.072	34445.185	690.072	-34850.230
48.643	0.000	385.072	36793.115	644.114	-32651.050
48.917	0.000	385.072	39301.090	607.712	-30593.560
49.187	0.000	385.072	41980.020	567.062	-28658.450
49.541	0.000	385.072	44841.556	536.345	-26852.700
49.957	0.000	385.072	47898.147	503.851	-25162.420
50.408	0.000	385.072	51163.089	474.086	-23567.020
50.700	0.000	385.072	54650.583	437.507	-22078.150
51.075	0.000	385.072	58375.799	406.526	-20689.680
51.336	0.000	385.072	62354.942	405.135	-19362.760
51.756	0.000	385.072	66605.320	367.763	-18159.580
52.051	0.000	385.072	71145.421	344.286	-17011.610
52.319	0.000	385.072	75994.996	323.780	-15940.970
52.582	0.000	385.072	81175.138	308.246	-14932.160
52.893	0.000	385.072	86708.381	286.196	-13990.190
53.198	0.000	385.072	92618.793	276.221	-13107.800
53.481	0.000	385.072	98932.084	255.269	-12284.050
53.775	0.000	385.072	105675.715	250.360	-11526.700
54.035	0.000	385.072	112879.022	240.393	-10794.320
54.329	0.000	385.072	120573.336	212.448	-10105.190
54.747	0.000	385.072	128792.127	203.101	-9498.317
55.012	0.000	385.072	137571.146	192.857	-8864.455
55.448	0.000	385.071	146948.581	192.374	-8303.690
55.708	0.000	385.071	156965.221	179.724	-7784.280
55.982	0.000	385.071	167664.638	163.753	-7289.474
56.230	0.000	385.071	179093.373	160.375	-6821.739
56.530	0.000	385.071	191301.139	150.399	-6393.976
56.823	0.000	385.071	204341.039	140.132	-5991.889
57.169	0.000	385.071	218269.793	141.405	-5612.614
57.467	0.000	385.070	233147.990	130.093	-5252.861
57.712	0.000	385.070	249040.349	125.000	-4926.869
58.027	0.000	385.070	266015.998	122.100	-4611.641
58.318	0.000	385.070	284148.780	112.951	-4321.025
58.591	0.000	385.070	303517.570	109.321	-4046.430
59.007	0.000	385.070	324206.618	103.158	-3786.170
59.254	0.000	385.070	346305.920	102.192	-3548.831
59.570	0.000	385.069	369911.605	96.035	-3322.530
59.877	0.000	385.069	395126.353	93.132	-3110.760
60.123	0.000	385.069	422059.846	89.947	-2910.485
60.507	0.000	385.069	450829.241	89.345	-2726.800
60.814	0.000	385.068	481559.679	83.742	-2551.765
61.110	0.000	385.068	514384.835	84.376	-2387.343
61.362	0.000	385.068	549447.493	89.795	-2229.349
61.649	0.000	385.068	586900.171	85.271	-2086.027
61.914	0.000	385.068	626905.783	82.975	-1948.099
62.193	0.000	385.068	669638.348	86.811	-1848.092
62.442	0.000	385.067	715283.746	77.855	-1723.725
62.734	0.000	385.067	764040.529	69.756	-1615.575
62.992	0.000	385.067	816120.781	73.485	-1506.630
63.286	0.000	385.067	871751.044	68.804	-1409.341
63.543	0.000	385.066	931173.304	69.238	-1312.127
63.824	0.000	385.066	994646.037	76.134	-1230.624
64.109	0.000	385.066	1062445.341	24.950	-1160.095
64.400	0.000	385.066	1134866.134	25.414	-1068.847
64.891	0.000	385.066	1212223.437	31.309	-1003.760
65.181	0.000	385.066	1294853.743	45.312	-945.172
65.498	0.000	385.066	1383116.481	35.949	-895.249
66.005	0.000	385.066	1477395.584	19.194	-827.975
66.496	0.000	385.066	1578101.150	16.567	-771.178
66.805	0.000	385.066	1685671.237	15.216	-720.086
67.073	0.000	385.066	1800573.758	13.193	-667.356
67.490	0.000	385.066	1923308.524	13.915	-617.833
67.761	0.000	385.066	2054409.414	17.489	-574.413
68.069	0.000	385.066	2194446.698	13.777	-536.183
68.335	0.000	385.066	2344029.518	11.977	-496.294
68.612	0.000	385.066	2503808.540	15.976	-463.394
68.900	0.000	385.066	2674478.780	14.403	-427.019
69.259	0.000	385.066	2856782.629	13.005	-393.441
69.527	0.000	385.066	3051513.084	9.975	-360.549
69.842	0.000	385.065	3259517.196	14.124	-327.688
70.098	0.000	385.065	3481699.752	15.802	-298.018
70.413	0.000	385.065	3719027.216	16.038	-267.249
70.680	0.000	385.065	3972531.929	35.449	-240.696
70.993	0.000	385.065	4243316.602	39.401	-253.468
71.292	0.000	385.065	4532559.110	23.386	-222.641
71.654	0.000	385.065	4841517.618	20.061	-205.709
71.932	0.000	385.065	5171536.051	16.097	-178.810
72.341	0.000	385.065	5524049.945	15.193	-159.120
72.627	0.000	385.065	5900592.685	12.084	-141.933
72.879	0.000	385.064	6302802.180	14.300	-120.576
73.243	0.000	385.064	6732427.985	12.604	-105.621
73.507	0.000	385.064	7191338.911	11.412	-86.456
73.847	0.000	385.064	7681531.159	13.265	-68.831
74.093	0.000	385.064	8205136.995	15.691	-55.819
74.423	0.000	385.064	8764434.032	13.403	-41.627
74.803	0.000	385.064	9361855.135	13.434	-26.710
75.086	0.000	385.064	9999999.000	15.757	-13.950
