Time (s)	Light (A)	T (K)	f (Hz)	R (Ohm)	X (Ohm)
1.472	0.000	370.920	20.000	-4505429.000	-64548390.000
2.869	0.000	370.920	21.363	1570718.000	-51999160.000
4.165	0.000	370.921	22.819	1297242.000	-48609270.000
5.383	0.000	370.921	24.375	1218611.000	-45574360.000
6.556	0.000	370.921	26.036	1098888.000	-42643680.000
7.633	0.000	370.921	27.811	1026222.000	-39956810.000
8.646	0.000	370.920	29.707	936070.400	-37358710.000
9.599	0.000	370.920	31.732	886208.000	-35059660.000
10.495	0.000	370.920	33.895	821383.300	-32939950.000
11.377	0.000	370.921	36.205	712385.000	-30764160.000
12.176	0.000	370.921	38.673	618466.300	-28836120.000
13.118	0.000	370.922	41.309	593534.900	-27032240.000
14.028	0.000	370.922	44.125	456328.500	-25323780.000
14.862	0.000	370.922	47.133	339160.500	-23751990.000
15.647	0.000	370.923	50.346	325600.200	-22191870.000
16.408	0.000	370.923	53.777	342594.500	-20836760.000
17.104	0.000	370.924	57.443	380390.200	-19512380.000
17.761	0.000	370.924	61.359	404965.400	-18291090.000
18.402	0.000	370.925	65.541	348074.200	-17138480.000
18.988	0.000	370.925	70.009	338224.100	-16072540.000
19.575	0.000	370.925	74.781	312942.300	-15054680.000
20.155	0.000	370.925	79.878	285864.500	-14090330.000
20.666	0.000	370.925	85.323	265052.400	-13197870.000
21.247	0.000	370.925	91.139	251801.700	-12377470.000
21.797	0.000	370.925	97.352	232475.400	-11606160.000
22.330	0.000	370.925	103.987	220570.700	-10853960.000
22.744	0.000	370.925	111.076	201387.800	-10172860.000
23.214	0.000	370.925	118.647	183732.000	-9533423.000
23.629	0.000	370.925	126.735	174760.400	-8929836.000
24.008	0.000	370.925	135.373	159448.800	-8367813.000
24.418	0.000	370.925	144.601	157646.500	-7825798.000
24.846	0.000	370.925	154.458	144195.600	-7328432.000
25.183	0.000	370.925	164.986	130428.900	-6880999.000
25.522	0.000	370.926	176.232	119479.500	-6447418.000
25.896	0.000	370.926	188.245	114244.900	-6038910.000
26.210	0.000	370.926	201.077	108459.200	-5658337.000
26.537	0.000	370.926	214.783	99697.940	-5300511.000
26.793	0.000	370.926	229.423	91937.050	-4966182.000
27.117	0.000	370.926	245.062	89396.710	-4653491.000
27.442	0.000	370.926	261.766	81309.200	-4356740.000
27.719	0.000	370.926	279.609	74697.140	-4082764.000
27.974	0.000	370.925	298.669	70587.380	-3823915.000
28.276	0.000	370.925	319.027	66125.910	-3583239.000
28.552	0.000	370.925	340.773	60796.830	-3357362.000
28.847	0.000	370.925	364.002	56631.930	-3144483.000
29.117	0.000	370.925	388.814	52446.610	-2946354.000
29.429	0.000	370.925	415.317	49879.810	-2760584.000
29.708	0.000	370.925	443.627	46101.880	-2585460.000
30.056	0.000	370.925	473.866	42203.450	-2422771.000
30.314	0.000	370.925	506.167	40120.200	-2269145.000
30.593	0.000	370.925	540.670	37250.520	-2126445.000
30.812	0.000	370.925	577.524	34681.690	-1992043.000
31.044	0.000	370.925	616.890	32864.500	-1866327.000
31.354	0.000	370.925	658.940	30418.610	-1748510.000
31.607	0.000	370.925	703.857	28653.770	-1637786.000
31.909	0.000	370.925	751.834	26781.820	-1534881.000
32.183	0.000	370.925	803.083	24967.740	-1437343.000
32.422	0.000	370.925	857.824	23258.290	-1346693.000
32.671	0.000	370.925	916.297	21522.270	-1261940.000
32.881	0.000	370.925	978.756	20004.280	-1182181.000
33.399	0.000	370.925	1045.472	18714.420	-1107621.000
33.943	0.000	370.925	1116.736	17811.570	-1037860.000
34.563	0.000	370.925	1192.857	16543.520	-972464.600
35.112	0.000	370.925	1274.167	15381.230	-910855.500
35.562	0.000	370.925	1361.020	14598.070	-853383.200
36.102	0.000	370.925	1453.793	13534.530	-799433.800
36.618	0.000	370.925	1552.890	12603.230	-748927.600
37.035	0.000	370.925	1658.741	11655.540	-701707.900
37.411	0.000	370.924	1771.808	11022.070	-657364.000
37.839	0.000	370.924	1892.582	10347.950	-615848.100
38.156	0.000	370.924	2021.589	9722.544	-576925.900
38.574	0.000	370.924	2159.389	9008.759	-540458.600
38.896	0.000	370.923	2306.582	8440.317	-506304.700
39.212	0.000	370.923	2463.808	7942.957	-474350.500
39.582	0.000	370.923	2631.752	7437.292	-444392.400
39.929	0.000	370.923	2811.143	6929.717	-416326.900
40.306	0.000	370.923	3002.763	6516.114	-389996.100
40.588	0.000	370.923	3207.444	6097.074	-365375.300
40.912	0.000	370.923	3426.077	5735.387	-342231.500
41.226	0.000	370.923	3659.613	5335.636	-320646.000
41.511	0.000	370.923	3909.068	4989.582	-300354.700
41.895	0.000	370.923	4175.526	4724.472	-281398.300
42.289	0.000	370.923	4460.148	4437.960	-263648.000
42.619	0.000	370.923	4764.171	4123.392	-246989.900
42.952	0.000	370.923	5088.917	3883.898	-231358.700
43.242	0.000	370.923	5435.799	3655.239	-216773.800
43.577	0.000	370.923	5806.326	3434.709	-203037.600
43.848	0.000	370.923	6202.110	3173.826	-190292.300
44.144	0.000	370.923	6624.872	3014.940	-178228.100
44.383	0.000	370.923	7076.452	2813.258	-167021.500
44.760	0.000	370.923	7558.813	2625.159	-156406.300
45.077	0.000	370.923	8074.054	2436.956	-146545.000
45.478	0.000	370.923	8624.416	2291.446	-137252.400
45.851	0.000	370.923	9212.292	2163.973	-128661.800
46.239	0.000	370.923	9840.241	2054.536	-120507.200
46.573	0.000	370.923	10510.994	1920.674	-112873.300
46.840	0.000	370.923	11227.468	1785.346	-105743.300
47.079	0.000	370.923	11992.780	1678.075	-99074.240
47.435	0.000	370.923	12810.259	1583.931	-92796.050
47.803	0.000	370.923	13683.461	1493.819	-86943.500
48.111	0.000	370.923	14616.184	1402.928	-81452.550
48.355	0.000	370.923	15612.485	1317.353	-76304.920
48.726	0.000	370.923	16676.698	1236.668	-71491.430
48.979	0.000	370.923	17813.453	1156.606	-66980.090
49.470	0.000	370.923	19027.694	1085.036	-62743.390
49.755	0.000	370.923	20324.702	1024.484	-58782.390
50.179	0.000	370.923	21710.121	962.598	-55075.960
50.503	0.000	370.923	23189.975	908.873	-51599.680
50.952	0.000	370.924	24770.702	860.028	-48343.990
51.187	0.000	370.924	26459.178	803.659	-45281.240
51.691	0.000	370.924	28262.749	764.489	-42415.820
52.011	0.000	370.924	30189.258	715.978	-39736.450
52.476	0.000	370.924	32247.086	665.668	-37223.300
52.723	0.000	370.925	34445.185	630.090	-34880.230
53.122	0.000	370.925	36793.115	588.365	-32678.740
53.533	0.000	370.925	39301.090	554.891	-30618.060
53.873	0.000	370.925	41980.020	525.490	-28685.400
54.452	0.000	370.926	44841.556	494.340	-26871.410
54.924	0.000	370.926	47898.147	464.136	-25175.590
55.370	0.000	370.926	51163.089	432.161	-23575.870
55.742	0.000	370.926	54650.583	413.718	-22100.650
56.189	0.000	370.926	58375.799	386.245	-20707.020
56.524	0.000	370.926	62354.942	349.218	-19394.780
57.047	0.000	370.926	66605.320	343.460	-18170.200
57.367	0.000	370.927	71145.421	324.477	-17020.310
57.803	0.000	370.927	75994.996	301.944	-15945.990
58.103	0.000	370.927	81175.138	286.389	-14940.590
58.477	0.000	370.927	86708.381	277.101	-13998.030
58.809	0.000	370.927	92618.793	256.245	-13114.900
59.262	0.000	370.927	98932.084	243.619	-12285.700
59.575	0.000	370.927	105675.715	240.435	-11520.820
59.933	0.000	370.927	112879.022	205.777	-10783.820
60.238	0.000	370.927	120573.336	211.014	-10110.140
60.713	0.000	370.928	128792.127	209.322	-9465.376
60.988	0.000	370.928	137571.146	184.435	-8872.594
61.426	0.000	370.928	146948.581	174.385	-8310.660
61.713	0.000	370.928	156965.221	165.099	-7782.336
61.976	0.000	370.928	167664.638	158.092	-7294.254
62.299	0.000	370.929	179093.373	147.657	-6833.170
62.610	0.000	370.929	191301.139	144.174	-6400.092
63.013	0.000	370.929	204341.039	134.692	-5996.620
63.518	0.000	370.929	218269.793	129.657	-5620.134
64.115	0.000	370.929	233147.990	108.261	-5256.531
64.380	0.000	370.929	249040.349	115.962	-4930.624
64.946	0.000	370.929	266015.998	112.805	-4621.975
65.215	0.000	370.929	284148.780	105.436	-4327.983
65.540	0.000	370.929	303517.570	99.832	-4054.879
66.057	0.000	370.929	324206.618	94.602	-3798.294
66.346	0.000	370.929	346305.920	91.363	-3557.543
66.824	0.000	370.929	369911.605	87.382	-3332.694
67.089	0.000	370.929	395126.353	83.183	-3122.093
67.460	0.000	370.929	422059.846	79.711	-2924.185
67.822	0.000	370.929	450829.241	76.400	-2739.021
68.221	0.000	370.929	481559.679	72.857	-2564.780
68.571	0.000	370.929	514384.835	70.481	-2402.516
69.144	0.000	370.929	549447.493	67.646	-2249.717
69.598	0.000	370.929	586900.171	64.598	-2107.195
69.992	0.000	370.929	626905.783	61.475	-1972.488
70.375	0.000	370.929	669638.348	59.612	-1846.628
70.630	0.000	370.929	715283.746	57.392	-1727.924
71.015	0.000	370.929	764040.529	59.921	-1616.850
71.436	0.000	370.929	816120.781	53.953	-1516.751
71.994	0.000	370.929	871751.044	51.437	-1418.631
72.293	0.000	370.930	931173.304	50.208	-1326.716
72.796	0.000	370.930	994646.037	47.208	-1241.010
73.168	0.000	370.930	1062445.341	3.399	-1154.244
73.418	0.000	370.930	1134866.134	3.366	-1078.338
73.900	0.000	370.930	1212223.437	-0.303	-1011.512
74.179	0.000	370.930	1294853.743	-0.638	-944.181
74.772	0.000	370.930	1383116.481	-2.533	-882.858
75.243	0.000	370.930	1477395.584	-3.383	-823.194
75.727	0.000	370.931	1578101.150	-4.008	-768.237
75.974	0.000	370.931	1685671.237	-5.376	-715.882
76.472	0.000	370.931	1800573.758	-5.618	-667.163
76.896	0.000	370.932	1923308.524	-6.981	-621.369
77.320	0.000	370.932	2054409.414	-7.405	-577.914
77.622	0.000	370.932	2194446.698	-7.636	-536.465
78.066	0.000	370.932	2344029.518	-8.574	-498.167
78.461	0.000	370.932	2503808.540	-8.682	-461.439
78.806	0.000	370.932	2674478.780	-8.958	-427.059
79.358	0.000	370.932	2856782.629	-9.169	-393.960
79.721	0.000	370.932	3051513.084	-9.098	-362.914
80.143	0.000	370.932	3259517.196	-9.095	-333.642
80.428	0.000	370.932	3481699.752	-9.064	-305.492
80.881	0.000	370.932	3719027.216	-7.836	-278.714
81.116	0.000	370.933	3972531.929	-7.938	-254.326
81.540	0.000	370.933	4243316.602	-7.177	-231.214
81.829	0.000	370.933	4532559.110	-7.789	-207.966
82.233	0.000	370.933	4841517.618	-7.227	-185.732
82.640	0.000	370.933	5171536.051	-6.625	-164.665
83.070	0.000	370.933	5524049.945	-5.693	-144.514
83.331	0.000	370.933	5900592.685	-4.664	-125.220
83.885	0.000	370.933	6302802.180	-3.422	-106.903
84.133	0.000	370.933	6732427.985	-2.195	-89.502
84.575	0.000	370.933	7191338.911	-0.577	-72.631
84.923	0.000	370.933	7681531.159	1.224	-57.245
85.313	0.000	370.933	8205136.995	2.909	-42.382
85.699	0.000	370.933	8764434.032	4.786	-28.447
86.182	0.000	370.933	9361855.135	6.828	-15.545
86.587	0.000	370.933	9999999.000	9.065	-3.787
