Time (s)	Light (A)	T (K)	f (Hz)	R (Ohm)	X (Ohm)
1.473	0.000	391.031	20.000	7391254.000	-48424500.000
2.855	0.000	391.031	21.363	1669947.000	-49798200.000
4.165	0.000	391.031	22.819	1589552.000	-46731050.000
5.386	0.000	391.031	24.375	1485367.000	-43733450.000
6.544	0.000	391.031	26.036	1269336.000	-40898850.000
7.622	0.000	391.032	27.811	1198222.000	-38349530.000
8.634	0.000	391.033	29.707	1114080.000	-35939540.000
9.618	0.000	391.033	31.732	1096791.000	-33690060.000
10.531	0.000	391.033	33.895	929355.900	-31484000.000
11.375	0.000	391.033	36.205	820768.200	-29612180.000
12.181	0.000	391.033	38.673	788275.100	-27746840.000
13.124	0.000	391.033	41.309	688835.100	-25933960.000
14.016	0.000	391.034	44.125	567000.700	-24334990.000
14.851	0.000	391.034	47.133	434848.600	-22726990.000
15.649	0.000	391.034	50.346	323025.100	-21331480.000
16.401	0.000	391.034	53.777	386926.900	-19992710.000
17.098	0.000	391.035	57.443	428266.100	-18760770.000
17.757	0.000	391.035	61.359	407639.200	-17593210.000
18.376	0.000	391.035	65.541	385115.100	-16448530.000
18.963	0.000	391.035	70.009	348699.000	-15425950.000
19.517	0.000	391.035	74.781	320516.000	-14445940.000
20.081	0.000	391.034	79.878	307829.700	-13526310.000
20.606	0.000	391.034	85.323	283901.300	-12686990.000
21.071	0.000	391.034	91.139	260556.300	-11879050.000
21.548	0.000	391.035	97.352	251311.400	-11129460.000
22.017	0.000	391.035	103.987	231153.600	-10426110.000
22.520	0.000	391.036	111.076	208514.400	-9769940.000
23.012	0.000	391.037	118.647	194234.800	-9149824.000
23.497	0.000	391.038	126.735	174743.600	-8579475.000
23.990	0.000	391.038	135.373	166328.200	-8035636.000
24.330	0.000	391.038	144.601	142886.600	-7517639.000
24.729	0.000	391.039	154.458	153020.100	-7056251.000
25.088	0.000	391.039	164.986	131516.200	-6607420.000
25.427	0.000	391.039	176.232	123613.700	-6187647.000
25.727	0.000	391.039	188.245	116028.500	-5798902.000
26.026	0.000	391.039	201.077	105173.800	-5432598.000
26.295	0.000	391.039	214.783	99437.700	-5088927.000
26.597	0.000	391.039	229.423	93056.670	-4769151.000
26.881	0.000	391.039	245.062	83686.010	-4465901.000
27.197	0.000	391.040	261.766	79377.230	-4182393.000
27.493	0.000	391.040	279.609	72108.110	-3920091.000
27.811	0.000	391.040	298.669	67200.780	-3671992.000
28.102	0.000	391.040	319.027	63055.140	-3440211.000
28.366	0.000	391.040	340.773	59357.210	-3223388.000
28.647	0.000	391.040	364.002	55384.020	-3018944.000
28.903	0.000	391.040	388.814	51333.580	-2829177.000
29.238	0.000	391.040	415.317	47915.300	-2649551.000
29.515	0.000	391.040	443.627	43796.620	-2482618.000
29.845	0.000	391.040	473.866	41253.170	-2325263.000
30.074	0.000	391.040	506.167	38963.460	-2179033.000
30.447	0.000	391.040	540.670	36059.780	-2041404.000
30.789	0.000	391.040	577.524	33261.150	-1912445.000
31.034	0.000	391.040	616.890	30719.540	-1791619.000
31.281	0.000	391.040	658.940	29266.570	-1677999.000
31.602	0.000	391.040	703.857	27308.280	-1572017.000
31.858	0.000	391.040	751.834	25590.800	-1473317.000
32.046	0.000	391.040	803.083	23593.360	-1379485.000
32.472	0.000	391.040	857.824	22157.950	-1292539.000
32.700	0.000	391.040	916.297	20662.960	-1210994.000
32.878	0.000	391.040	978.756	19547.940	-1134545.000
33.442	0.000	391.041	1045.472	17907.930	-1063009.000
34.131	0.000	391.041	1116.736	16915.050	-995729.400
34.689	0.000	391.041	1192.857	15730.550	-932934.500
35.197	0.000	391.041	1274.167	14618.760	-873782.500
35.728	0.000	391.040	1361.020	13695.050	-818810.200
36.127	0.000	391.040	1453.793	12885.000	-766969.600
36.674	0.000	391.039	1552.890	12104.140	-718467.600
37.085	0.000	391.038	1658.741	11379.560	-673134.200
37.425	0.000	391.038	1771.808	10574.400	-630525.400
37.804	0.000	391.037	1892.582	9996.194	-590763.800
38.179	0.000	391.037	2021.589	9276.866	-553454.700
38.604	0.000	391.037	2159.389	8647.691	-518426.700
39.092	0.000	391.038	2306.582	8211.474	-485709.100
39.432	0.000	391.038	2463.808	7624.380	-455019.000
39.777	0.000	391.038	2631.752	7234.030	-426257.800
40.090	0.000	391.038	2811.143	6711.950	-399312.400
40.405	0.000	391.039	3002.763	6336.958	-374120.900
40.777	0.000	391.039	3207.444	5953.666	-350492.200
41.176	0.000	391.039	3426.077	5573.350	-328363.500
41.486	0.000	391.039	3659.613	5222.585	-307570.000
41.866	0.000	391.039	3909.068	4878.920	-288196.400
42.228	0.000	391.039	4175.526	4589.183	-270017.600
42.618	0.000	391.039	4460.148	4302.858	-252970.500
42.975	0.000	391.039	4764.171	4087.079	-237004.600
43.327	0.000	391.038	5088.917	3772.738	-222021.800
43.649	0.000	391.038	5435.799	3621.368	-207983.800
43.923	0.000	391.038	5806.326	3372.704	-194842.300
44.256	0.000	391.038	6202.110	3158.623	-182568.000
44.590	0.000	391.038	6624.872	2971.824	-171066.900
44.931	0.000	391.038	7076.452	2765.013	-160184.700
45.213	0.000	391.038	7558.813	2612.413	-150073.700
45.527	0.000	391.038	8074.054	2458.945	-140655.500
45.806	0.000	391.038	8624.416	2312.210	-131733.900
46.186	0.000	391.038	9212.292	2184.597	-123419.600
46.488	0.000	391.038	9840.241	2060.238	-115643.000
46.739	0.000	391.038	10510.994	1932.534	-108314.300
47.025	0.000	391.037	11227.468	1816.007	-101466.800
47.283	0.000	391.037	11992.780	1718.339	-95069.820
47.644	0.000	391.037	12810.259	1623.713	-89070.150
48.037	0.000	391.037	13683.461	1514.595	-83456.840
48.357	0.000	391.037	14616.184	1434.081	-78189.580
48.670	0.000	391.037	15612.485	1353.332	-73260.350
49.019	0.000	391.037	16676.698	1266.336	-68638.010
49.290	0.000	391.037	17813.453	1188.116	-64307.840
49.667	0.000	391.036	19027.694	1119.657	-60252.480
49.953	0.000	391.036	20324.702	1066.202	-56449.630
50.220	0.000	391.036	21710.121	998.175	-52890.360
50.548	0.000	391.036	23189.975	937.499	-49550.860
50.867	0.000	391.036	24770.702	883.198	-46419.610
51.291	0.000	391.036	26459.178	830.607	-43489.950
51.665	0.000	391.036	28262.749	778.410	-40742.950
52.122	0.000	391.035	30189.258	732.541	-38174.300
52.489	0.000	391.035	32247.086	692.837	-35769.450
52.810	0.000	391.035	34445.185	647.762	-33512.910
53.108	0.000	391.035	36793.115	608.750	-31399.400
53.424	0.000	391.035	39301.090	575.281	-29420.040
53.745	0.000	391.035	41980.020	539.820	-27560.340
54.182	0.000	391.034	44841.556	510.273	-25822.320
54.521	0.000	391.034	47898.147	481.953	-24193.720
55.015	0.000	391.034	51163.089	449.118	-22676.070
55.314	0.000	391.034	54650.583	425.541	-21243.490
55.756	0.000	391.034	58375.799	395.061	-19896.380
56.076	0.000	391.033	62354.942	389.591	-18652.070
56.631	0.000	391.033	66605.320	355.476	-17469.020
57.057	0.000	391.033	71145.421	334.053	-16364.700
57.326	0.000	391.033	75994.996	311.461	-15338.740
57.731	0.000	391.033	81175.138	301.338	-14367.200
58.191	0.000	391.033	86708.381	281.743	-13462.050
58.488	0.000	391.033	92618.793	267.095	-12611.080
58.885	0.000	391.033	98932.084	246.769	-11817.750
59.198	0.000	391.032	105675.715	228.129	-11077.470
59.638	0.000	391.032	112879.022	217.554	-10377.040
60.043	0.000	391.031	120573.336	213.136	-9724.249
60.507	0.000	391.030	128792.127	209.730	-9125.939
60.922	0.000	391.030	137571.146	187.619	-8535.206
61.366	0.000	391.030	146948.581	176.345	-7996.267
61.783	0.000	391.030	156965.221	168.905	-7494.028
62.173	0.000	391.030	167664.638	159.066	-7019.178
62.657	0.000	391.030	179093.373	150.073	-6575.050
63.121	0.000	391.030	191301.139	145.315	-6159.972
63.439	0.000	391.030	204341.039	137.571	-5772.600
63.700	0.000	391.030	218269.793	130.895	-5409.298
64.177	0.000	391.030	233147.990	124.006	-5068.837
64.626	0.000	391.030	249040.349	116.879	-4748.475
64.998	0.000	391.030	266015.998	110.868	-4448.029
65.384	0.000	391.031	284148.780	107.297	-4167.967
65.662	0.000	391.031	303517.570	99.816	-3904.592
66.190	0.000	391.031	324206.618	94.546	-3657.816
66.492	0.000	391.031	346305.920	90.915	-3425.378
66.988	0.000	391.031	369911.605	86.428	-3209.030
67.295	0.000	391.031	395126.353	83.452	-3005.194
67.564	0.000	391.031	422059.846	79.134	-2815.653
67.978	0.000	391.031	450829.241	75.132	-2637.974
68.345	0.000	391.030	481559.679	71.910	-2469.907
68.734	0.000	391.030	514384.835	68.379	-2313.229
69.093	0.000	391.030	549447.493	65.676	-2166.619
69.419	0.000	391.029	586900.171	63.038	-2028.057
69.764	0.000	391.029	626905.783	60.172	-1899.645
70.105	0.000	391.029	669638.348	57.886	-1777.663
70.431	0.000	391.029	715283.746	55.394	-1664.774
70.880	0.000	391.029	764040.529	53.932	-1556.942
71.188	0.000	391.029	816120.781	52.421	-1459.569
71.433	0.000	391.029	871751.044	50.485	-1366.051
71.750	0.000	391.030	931173.304	47.973	-1278.035
72.027	0.000	391.030	994646.037	46.076	-1195.449
72.341	0.000	391.030	1062445.341	2.308	-1112.176
72.785	0.000	391.030	1134866.134	1.440	-1039.186
73.313	0.000	391.030	1212223.437	4.193	-969.705
73.642	0.000	391.031	1294853.743	-0.503	-908.893
74.082	0.000	391.031	1383116.481	-1.086	-849.793
74.611	0.000	391.031	1477395.584	-3.294	-792.338
75.147	0.000	391.031	1578101.150	-4.242	-739.081
75.524	0.000	391.031	1685671.237	-5.012	-689.159
75.937	0.000	391.031	1800573.758	-5.674	-641.423
76.358	0.000	391.031	1923308.524	-6.224	-597.275
76.757	0.000	391.031	2054409.414	-6.925	-555.284
77.170	0.000	391.031	2194446.698	-7.306	-515.787
77.597	0.000	391.031	2344029.518	-7.401	-478.480
77.889	0.000	391.030	2503808.540	-8.287	-443.369
78.136	0.000	391.029	2674478.780	-8.279	-409.822
78.565	0.000	391.029	2856782.629	-8.671	-378.361
78.934	0.000	391.028	3051513.084	-8.579	-348.230
79.246	0.000	391.028	3259517.196	-8.666	-319.976
79.658	0.000	391.027	3481699.752	-8.294	-292.737
80.000	0.000	391.027	3719027.216	-8.259	-267.089
80.376	0.000	391.027	3972531.929	-6.918	-242.453
80.862	0.000	391.027	4243316.602	-6.964	-220.073
81.227	0.000	391.027	4532559.110	-6.458	-198.692
81.538	0.000	391.027	4841517.618	-6.415	-177.058
81.815	0.000	391.027	5171536.051	-5.677	-156.569
82.294	0.000	391.027	5524049.945	-5.007	-137.132
82.617	0.000	391.027	5900592.685	-3.924	-118.437
82.960	0.000	391.027	6302802.180	-2.653	-100.738
83.232	0.000	391.027	6732427.985	-1.374	-83.942
83.551	0.000	391.027	7191338.911	0.009	-67.679
83.975	0.000	391.027	7681531.159	1.872	-52.206
84.380	0.000	391.027	8205136.995	3.684	-38.233
84.734	0.000	391.027	8764434.032	5.562	-24.849
85.194	0.000	391.027	9361855.135	7.519	-12.371
85.470	0.000	391.027	9999999.000	9.617	-1.027
