Time (s)	Light (A)	T (K)	f (Hz)	R (Ohm)	X (Ohm)
1.471	0.000	393.035	20.000	6986901.000	-47760580.000
2.854	0.000	393.036	21.363	1778014.000	-49458730.000
4.151	0.000	393.037	22.819	1590873.000	-46299500.000
5.372	0.000	393.037	24.375	1463529.000	-43409110.000
6.517	0.000	393.037	26.036	1325967.000	-40704750.000
7.594	0.000	393.037	27.811	1164509.000	-38147780.000
8.617	0.000	393.039	29.707	1100644.000	-35665430.000
9.570	0.000	393.040	31.732	1053426.000	-33387780.000
10.467	0.000	393.041	33.895	994792.000	-31412400.000
11.361	0.000	393.042	36.205	867024.600	-29442610.000
12.158	0.000	393.042	38.673	818696.600	-27476970.000
13.103	0.000	393.043	41.309	671210.400	-25775800.000
13.989	0.000	393.043	44.125	556959.100	-24136860.000
14.821	0.000	393.043	47.133	487170.300	-22603120.000
15.606	0.000	393.044	50.346	414272.400	-21110940.000
16.348	0.000	393.044	53.777	407401.900	-19864420.000
17.044	0.000	393.044	57.443	418061.900	-18662070.000
17.701	0.000	393.044	61.359	418394.200	-17471950.000
18.319	0.000	393.044	65.541	390254.500	-16360650.000
18.917	0.000	393.044	70.009	372740.800	-15345090.000
19.468	0.000	393.044	74.781	346941.000	-14379260.000
19.988	0.000	393.044	79.878	317717.000	-13470360.000
20.481	0.000	393.044	85.323	294186.300	-12611640.000
20.957	0.000	393.043	91.139	271056.100	-11815960.000
21.441	0.000	393.043	97.352	248757.200	-11079440.000
21.935	0.000	393.043	103.987	229986.600	-10367850.000
22.386	0.000	393.043	111.076	212441.300	-9715465.000
22.929	0.000	393.043	118.647	195182.600	-9107393.000
23.433	0.000	393.043	126.735	181413.900	-8531640.000
23.906	0.000	393.043	135.373	170337.300	-7992671.000
24.352	0.000	393.043	144.601	167431.300	-7479250.000
24.702	0.000	393.042	154.458	137993.600	-7005863.000
25.111	0.000	393.042	164.986	133344.800	-6573079.000
25.469	0.000	393.042	176.232	123975.200	-6158196.000
25.743	0.000	393.042	188.245	112075.800	-5770741.000
26.018	0.000	393.042	201.077	105300.700	-5405075.000
26.296	0.000	393.042	214.783	96829.370	-5064402.000
26.592	0.000	393.042	229.423	90903.670	-4745866.000
26.851	0.000	393.042	245.062	82616.130	-4446578.000
27.252	0.000	393.042	261.766	77902.730	-4162169.000
27.555	0.000	393.042	279.609	73340.090	-3903186.000
27.811	0.000	393.042	298.669	66543.020	-3656579.000
28.173	0.000	393.042	319.027	62424.640	-3426227.000
28.468	0.000	393.041	340.773	58624.650	-3210030.000
28.759	0.000	393.040	364.002	54329.710	-3006767.000
29.025	0.000	393.040	388.814	50271.490	-2817552.000
29.365	0.000	393.039	415.317	47551.240	-2638628.000
29.609	0.000	393.039	443.627	44254.160	-2472296.000
29.911	0.000	393.038	473.866	41403.130	-2316248.000
30.157	0.000	393.038	506.167	38493.340	-2169685.000
30.566	0.000	393.038	540.670	35377.260	-2033170.000
30.789	0.000	393.038	577.524	33635.660	-1903949.000
31.094	0.000	393.038	616.890	30876.350	-1784304.000
31.352	0.000	393.038	658.940	28905.290	-1671942.000
31.609	0.000	393.038	703.857	27190.820	-1565916.000
31.871	0.000	393.038	751.834	25125.720	-1466690.000
32.138	0.000	393.038	803.083	23629.250	-1374415.000
32.359	0.000	393.038	857.824	21989.910	-1287545.000
32.635	0.000	393.038	916.297	20755.070	-1205937.000
32.919	0.000	393.037	978.756	19196.360	-1129896.000
33.536	0.000	393.037	1045.472	18096.570	-1058531.000
34.166	0.000	393.036	1116.736	16712.490	-991832.800
34.670	0.000	393.036	1192.857	15752.700	-928951.700
35.172	0.000	393.035	1274.167	14693.260	-870290.500
35.650	0.000	393.035	1361.020	13613.350	-815445.400
36.170	0.000	393.034	1453.793	12857.880	-763927.500
36.597	0.000	393.034	1552.890	12073.100	-715688.400
37.059	0.000	393.034	1658.741	11238.730	-670432.200
37.481	0.000	393.034	1771.808	10552.170	-628056.200
37.859	0.000	393.034	1892.582	9806.848	-588336.300
38.321	0.000	393.033	2021.589	9179.107	-551226.300
38.826	0.000	393.033	2159.389	8614.543	-516340.800
39.230	0.000	393.033	2306.582	8128.505	-483736.300
39.543	0.000	393.033	2463.808	7708.721	-453151.300
39.846	0.000	393.033	2631.752	7147.436	-424508.100
40.197	0.000	393.033	2811.143	6700.360	-397749.100
40.442	0.000	393.033	3002.763	6300.692	-372623.400
40.863	0.000	393.032	3207.444	5906.476	-349138.500
41.210	0.000	393.032	3426.077	5531.901	-327072.200
41.590	0.000	393.032	3659.613	5169.294	-306346.200
41.859	0.000	393.032	3909.068	4859.174	-287016.100
42.316	0.000	393.031	4175.526	4606.121	-268892.200
42.767	0.000	393.031	4460.148	4307.136	-251909.600
43.098	0.000	393.031	4764.171	4016.534	-235979.400
43.449	0.000	393.031	5088.917	3775.755	-221087.100
43.789	0.000	393.031	5435.799	3532.651	-207111.400
44.095	0.000	393.031	5806.326	3343.734	-194013.600
44.488	0.000	393.031	6202.110	3134.959	-181731.100
44.760	0.000	393.031	6624.872	2949.626	-170296.000
45.085	0.000	393.031	7076.452	2753.059	-159600.200
45.402	0.000	393.031	7558.813	2546.458	-149495.400
45.798	0.000	393.031	8074.054	2436.688	-139994.200
46.089	0.000	393.031	8624.416	2273.468	-131223.200
46.352	0.000	393.031	9212.292	2094.965	-122909.500
46.777	0.000	393.031	9840.241	2012.294	-115118.200
47.085	0.000	393.031	10510.994	1899.124	-107873.200
47.372	0.000	393.031	11227.468	1785.557	-101061.000
47.683	0.000	393.031	11992.780	1686.731	-94684.150
47.951	0.000	393.031	12810.259	1585.276	-88708.960
48.359	0.000	393.031	13683.461	1490.255	-83120.750
48.687	0.000	393.031	14616.184	1403.533	-77863.470
49.038	0.000	393.031	15612.485	1315.029	-72949.370
49.451	0.000	393.031	16676.698	1239.851	-68346.860
49.739	0.000	393.031	17813.453	1171.490	-64036.220
49.994	0.000	393.031	19027.694	1094.550	-59993.820
50.281	0.000	393.031	20324.702	1046.418	-56221.180
50.628	0.000	393.031	21710.121	969.516	-52668.450
50.928	0.000	393.031	23189.975	916.563	-49353.330
51.381	0.000	393.031	24770.702	864.755	-46219.940
51.656	0.000	393.031	26459.178	818.034	-43300.980
51.945	0.000	393.031	28262.749	771.336	-40579.990
52.243	0.000	393.031	30189.258	734.170	-38016.610
52.499	0.000	393.031	32247.086	686.289	-35611.880
52.896	0.000	393.031	34445.185	643.997	-33365.720
53.288	0.000	393.031	36793.115	599.239	-31254.200
53.604	0.000	393.031	39301.090	572.149	-29287.180
53.862	0.000	393.031	41980.020	536.491	-27439.770
54.265	0.000	393.031	44841.556	505.513	-25710.580
54.668	0.000	393.031	47898.147	475.666	-24087.750
55.063	0.000	393.031	51163.089	447.535	-22563.860
55.445	0.000	393.031	54650.583	431.739	-21143.510
55.843	0.000	393.032	58375.799	396.511	-19811.250
56.252	0.000	393.032	62354.942	376.384	-18575.410
56.720	0.000	393.033	66605.320	352.502	-17385.400
57.151	0.000	393.033	71145.421	334.421	-16293.990
57.506	0.000	393.033	75994.996	317.891	-15266.570
57.902	0.000	393.033	81175.138	296.771	-14302.020
58.214	0.000	393.033	86708.381	274.436	-13397.180
58.596	0.000	393.033	92618.793	262.575	-12558.010
58.875	0.000	393.033	98932.084	250.587	-11765.300
59.222	0.000	393.033	105675.715	233.133	-11047.710
59.655	0.000	393.033	112879.022	219.505	-10338.880
60.045	0.000	393.033	120573.336	211.477	-9675.632
60.398	0.000	393.032	128792.127	200.108	-9082.414
60.744	0.000	393.032	137571.146	187.173	-8500.642
61.086	0.000	393.032	146948.581	177.710	-7961.831
61.466	0.000	393.032	156965.221	167.848	-7457.555
61.744	0.000	393.032	167664.638	158.953	-6987.571
62.053	0.000	393.032	179093.373	150.954	-6548.629
62.472	0.000	393.032	191301.139	143.103	-6135.709
62.878	0.000	393.032	204341.039	137.382	-5746.014
63.315	0.000	393.032	218269.793	129.606	-5386.226
63.822	0.000	393.032	233147.990	116.360	-5047.643
64.255	0.000	393.032	249040.349	118.112	-4725.425
64.674	0.000	393.032	266015.998	111.512	-4429.336
65.000	0.000	393.032	284148.780	106.685	-4150.568
65.269	0.000	393.032	303517.570	98.307	-3887.437
65.806	0.000	393.032	324206.618	93.620	-3641.770
66.180	0.000	393.032	346305.920	90.648	-3411.597
66.599	0.000	393.032	369911.605	86.184	-3194.543
66.972	0.000	393.032	395126.353	82.739	-2993.052
67.288	0.000	393.032	422059.846	78.837	-2803.935
67.648	0.000	393.032	450829.241	74.631	-2626.669
68.121	0.000	393.032	481559.679	72.135	-2459.563
68.532	0.000	393.033	514384.835	68.993	-2303.649
68.825	0.000	393.033	549447.493	65.608	-2157.694
69.195	0.000	393.033	586900.171	63.050	-2019.720
69.573	0.000	393.033	626905.783	60.526	-1891.624
70.045	0.000	393.033	669638.348	58.176	-1771.028
70.401	0.000	393.032	715283.746	55.646	-1657.882
70.649	0.000	393.032	764040.529	56.479	-1552.974
71.108	0.000	393.032	816120.781	52.899	-1453.919
71.448	0.000	393.032	871751.044	50.062	-1360.398
71.761	0.000	393.031	931173.304	47.846	-1272.782
72.118	0.000	393.031	994646.037	46.078	-1190.242
72.443	0.000	393.031	1062445.341	1.973	-1107.961
72.745	0.000	393.031	1134866.134	2.114	-1034.475
73.224	0.000	393.031	1212223.437	3.315	-965.757
73.540	0.000	393.030	1294853.743	-0.456	-905.030
73.967	0.000	393.030	1383116.481	-0.909	-846.256
74.538	0.000	393.030	1477395.584	-3.086	-789.136
75.086	0.000	393.030	1578101.150	-4.179	-736.033
75.458	0.000	393.030	1685671.237	-4.750	-686.588
75.868	0.000	393.030	1800573.758	-5.444	-638.938
76.368	0.000	393.030	1923308.524	-6.273	-594.906
76.827	0.000	393.030	2054409.414	-6.867	-552.967
77.111	0.000	393.029	2194446.698	-7.387	-513.761
77.389	0.000	393.029	2344029.518	-7.198	-476.562
77.806	0.000	393.029	2503808.540	-8.115	-441.502
78.140	0.000	393.029	2674478.780	-8.268	-408.064
78.582	0.000	393.028	2856782.629	-8.563	-376.804
78.900	0.000	393.028	3051513.084	-8.592	-346.802
79.255	0.000	393.027	3259517.196	-8.488	-318.694
79.710	0.000	393.027	3481699.752	-8.117	-291.497
80.058	0.000	393.026	3719027.216	-8.159	-265.841
80.463	0.000	393.026	3972531.929	-7.122	-241.224
80.813	0.000	393.026	4243316.602	-6.890	-219.221
81.076	0.000	393.026	4532559.110	-6.369	-197.654
81.426	0.000	393.026	4841517.618	-6.311	-176.160
81.846	0.000	393.026	5171536.051	-5.640	-155.744
82.271	0.000	393.026	5524049.945	-4.894	-136.397
82.615	0.000	393.026	5900592.685	-3.826	-117.734
82.937	0.000	393.026	6302802.180	-2.566	-100.096
83.248	0.000	393.026	6732427.985	-1.275	-83.355
83.659	0.000	393.026	7191338.911	0.102	-67.165
83.965	0.000	393.026	7681531.159	1.913	-51.745
84.286	0.000	393.026	8205136.995	3.785	-37.812
84.598	0.000	393.026	8764434.032	5.661	-24.465
85.126	0.000	393.026	9361855.135	7.597	-12.045
85.474	0.000	393.027	9999999.000	9.682	-0.742
