Time (s)	Light (A)	T (K)	f (Hz)	R (Ohm)	X (Ohm)
1.474	0.000	401.034	20.000	8129479.000	-56951600.000
2.856	0.000	401.034	21.363	2026880.000	-48185040.000
4.179	0.000	401.034	22.819	1865194.000	-45165800.000
5.399	0.000	401.034	24.375	1740252.000	-42299510.000
6.545	0.000	401.034	26.036	1525540.000	-39675980.000
7.623	0.000	401.034	27.811	1422273.000	-37216900.000
8.636	0.000	401.033	29.707	1292591.000	-34854490.000
9.590	0.000	401.033	31.732	1145480.000	-32672530.000
10.496	0.000	401.033	33.895	1181166.000	-30558400.000
11.342	0.000	401.033	36.205	964571.700	-28656620.000
12.144	0.000	401.033	38.673	929736.700	-26911940.000
13.087	0.000	401.033	41.309	835609.400	-25155390.000
13.974	0.000	401.033	44.125	686159.600	-23548290.000
14.809	0.000	401.033	47.133	571957.700	-22122510.000
15.594	0.000	401.033	50.346	465013.400	-20634660.000
16.338	0.000	401.033	53.777	509534.800	-19407950.000
17.042	0.000	401.033	57.443	486739.300	-18209720.000
17.702	0.000	401.033	61.359	481279.600	-17048980.000
18.344	0.000	401.032	65.541	461212.600	-15975620.000
18.933	0.000	401.033	70.009	412391.100	-14980500.000
19.551	0.000	401.033	74.781	375870.200	-14039790.000
20.114	0.000	401.033	79.878	349455.000	-13137470.000
20.645	0.000	401.033	85.323	322820.600	-12305740.000
21.157	0.000	401.033	91.139	293352.300	-11541930.000
21.720	0.000	401.033	97.352	266232.100	-10818710.000
22.238	0.000	401.033	103.987	249304.400	-10137550.000
22.690	0.000	401.033	111.076	233622.500	-9493547.000
23.177	0.000	401.033	118.647	211148.100	-8892743.000
23.584	0.000	401.033	126.735	198300.300	-8335229.000
24.021	0.000	401.033	135.373	178414.600	-7807474.000
24.368	0.000	401.033	144.601	161900.600	-7304997.000
24.725	0.000	401.033	154.458	164291.100	-6843938.000
25.070	0.000	401.033	164.986	143092.200	-6421664.000
25.444	0.000	401.033	176.232	136293.600	-6016036.000
25.886	0.000	401.033	188.245	123692.000	-5636358.000
26.181	0.000	401.033	201.077	112108.200	-5283488.000
26.468	0.000	401.033	214.783	106912.200	-4948891.000
26.786	0.000	401.033	229.423	99283.270	-4637575.000
27.194	0.000	401.033	245.062	90534.430	-4345155.000
27.498	0.000	401.032	261.766	85481.700	-4068617.000
27.848	0.000	401.032	279.609	78508.140	-3811420.000
28.147	0.000	401.032	298.669	71857.630	-3572212.000
28.462	0.000	401.032	319.027	67735.650	-3346688.000
28.790	0.000	401.032	340.773	62450.470	-3135051.000
29.081	0.000	401.032	364.002	57492.010	-2937503.000
29.428	0.000	401.032	388.814	53549.950	-2751891.000
29.630	0.000	401.032	415.317	49852.210	-2577802.000
29.972	0.000	401.032	443.627	46513.960	-2415055.000
30.195	0.000	401.032	473.866	44037.970	-2262408.000
30.390	0.000	401.032	506.167	40520.220	-2118833.000
30.744	0.000	401.032	540.670	37612.240	-1985850.000
30.981	0.000	401.032	577.524	34984.030	-1860994.000
31.307	0.000	401.032	616.890	32588.370	-1742792.000
31.580	0.000	401.032	658.940	30475.170	-1632757.000
31.871	0.000	401.032	703.857	28106.620	-1529721.000
32.220	0.000	401.033	751.834	26427.650	-1433103.000
32.450	0.000	401.033	803.083	24641.850	-1342927.000
32.669	0.000	401.033	857.824	22598.410	-1258203.000
32.864	0.000	401.033	916.297	21375.580	-1178565.000
33.136	0.000	401.033	978.756	19637.610	-1103911.000
33.708	0.000	401.033	1045.472	18311.070	-1034739.000
34.252	0.000	401.033	1116.736	17007.410	-969301.800
34.895	0.000	401.033	1192.857	15911.510	-908157.000
35.368	0.000	401.033	1274.167	14741.040	-850973.000
35.839	0.000	401.033	1361.020	13777.410	-797155.300
36.415	0.000	401.033	1453.793	12772.370	-746832.500
36.864	0.000	401.032	1552.890	12063.730	-699709.100
37.308	0.000	401.032	1658.741	11256.240	-655454.200
37.779	0.000	401.032	1771.808	10460.830	-613994.600
38.237	0.000	401.032	1892.582	9738.205	-575237.100
38.600	0.000	401.032	2021.589	9070.930	-538840.000
38.936	0.000	401.032	2159.389	8525.844	-504824.700
39.372	0.000	401.032	2306.582	7977.847	-472932.700
39.718	0.000	401.032	2463.808	7393.487	-443070.900
40.072	0.000	401.032	2631.752	6972.764	-415035.300
40.533	0.000	401.031	2811.143	6480.091	-388782.100
40.844	0.000	401.031	3002.763	6060.116	-364291.700
41.079	0.000	401.031	3207.444	5715.364	-341229.300
41.522	0.000	401.031	3426.077	5325.533	-319704.000
41.829	0.000	401.031	3659.613	5014.093	-299500.800
42.202	0.000	401.031	3909.068	4693.328	-280576.100
42.704	0.000	401.031	4175.526	4401.693	-262859.800
43.250	0.000	401.031	4460.148	4122.625	-246247.600
43.633	0.000	401.031	4764.171	3857.192	-230629.800
43.959	0.000	401.031	5088.917	3634.901	-216118.600
44.337	0.000	401.031	5435.799	3353.772	-202432.100
44.714	0.000	401.031	5806.326	3164.872	-189678.900
45.197	0.000	401.031	6202.110	3020.991	-177632.800
45.518	0.000	401.031	6624.872	2833.263	-166453.600
45.847	0.000	401.031	7076.452	2618.483	-155937.900
46.240	0.000	401.030	7558.813	2481.163	-146050.800
46.706	0.000	401.030	8074.054	2302.003	-136836.000
47.110	0.000	401.030	8624.416	2161.431	-128130.100
47.492	0.000	401.030	9212.292	2015.548	-120048.000
47.739	0.000	401.030	9840.241	1931.589	-112444.500
48.038	0.000	401.030	10510.994	1809.954	-105379.700
48.513	0.000	401.030	11227.468	1694.105	-98735.750
48.984	0.000	401.030	11992.780	1597.973	-92487.860
49.313	0.000	401.030	12810.259	1504.715	-86649.890
49.642	0.000	401.030	13683.461	1425.600	-81177.190
49.919	0.000	401.030	14616.184	1332.566	-76058.560
50.169	0.000	401.030	15612.485	1247.827	-71251.900
50.462	0.000	401.030	16676.698	1184.826	-66762.910
50.800	0.000	401.030	17813.453	1113.546	-62538.880
51.081	0.000	401.030	19027.694	1052.814	-58594.520
51.525	0.000	401.031	20324.702	1002.567	-54902.080
51.901	0.000	401.031	21710.121	941.842	-51421.490
52.216	0.000	401.031	23189.975	881.633	-48182.030
52.709	0.000	401.031	24770.702	832.907	-45132.380
53.169	0.000	401.031	26459.178	786.615	-42287.180
53.505	0.000	401.031	28262.749	734.704	-39612.910
53.851	0.000	401.031	30189.258	686.096	-37132.550
54.122	0.000	401.031	32247.086	651.998	-34776.050
54.355	0.000	401.031	34445.185	617.356	-32582.040
54.671	0.000	401.031	36793.115	580.776	-30535.990
54.956	0.000	401.031	39301.090	547.218	-28595.680
55.328	0.000	401.031	41980.020	515.206	-26798.190
55.759	0.000	401.031	44841.556	487.163	-25106.880
56.241	0.000	401.031	47898.147	462.537	-23520.560
56.683	0.000	401.031	51163.089	435.524	-22038.870
57.110	0.000	401.031	54650.583	414.999	-20653.430
57.545	0.000	401.031	58375.799	381.905	-19345.220
57.864	0.000	401.031	62354.942	353.219	-18132.860
58.375	0.000	401.031	66605.320	340.000	-16979.960
58.695	0.000	401.031	71145.421	322.947	-15907.130
59.031	0.000	401.031	75994.996	309.808	-14903.450
59.370	0.000	401.031	81175.138	284.777	-13965.250
59.911	0.000	401.031	86708.381	270.756	-13086.070
60.171	0.000	401.032	92618.793	263.507	-12259.540
60.473	0.000	401.032	98932.084	240.353	-11486.310
60.981	0.000	401.032	105675.715	229.935	-10750.220
61.368	0.000	401.033	112879.022	216.803	-10098.810
61.734	0.000	401.033	120573.336	206.296	-9441.872
62.138	0.000	401.033	128792.127	174.734	-8863.863
62.409	0.000	401.033	137571.146	180.503	-8296.811
62.794	0.000	401.033	146948.581	172.125	-7772.685
63.132	0.000	401.033	156965.221	163.255	-7282.916
63.560	0.000	401.033	167664.638	155.176	-6825.328
63.932	0.000	401.033	179093.373	147.528	-6391.673
64.313	0.000	401.033	191301.139	139.397	-5989.191
64.606	0.000	401.033	204341.039	134.442	-5612.556
64.983	0.000	401.033	218269.793	127.629	-5257.661
65.432	0.000	401.033	233147.990	124.619	-4929.633
65.825	0.000	401.033	249040.349	113.745	-4615.677
66.162	0.000	401.033	266015.998	109.866	-4324.227
66.447	0.000	401.033	284148.780	104.277	-4052.993
66.871	0.000	401.033	303517.570	97.782	-3795.871
67.341	0.000	401.033	324206.618	92.932	-3555.139
67.649	0.000	401.033	346305.920	90.140	-3329.365
67.996	0.000	401.033	369911.605	84.729	-3119.103
68.271	0.000	401.034	395126.353	82.320	-2923.344
68.709	0.000	401.034	422059.846	77.034	-2737.735
69.171	0.000	401.033	450829.241	73.799	-2564.570
69.604	0.000	401.033	481559.679	70.621	-2402.207
69.948	0.000	401.033	514384.835	66.972	-2249.299
70.442	0.000	401.032	549447.493	64.196	-2106.978
70.688	0.000	401.032	586900.171	62.397	-1972.231
71.094	0.000	401.032	626905.783	59.630	-1847.389
71.565	0.000	401.032	669638.348	57.280	-1729.374
71.902	0.000	401.032	715283.746	54.671	-1618.772
72.284	0.000	401.032	764040.529	56.563	-1514.472
72.574	0.000	401.032	816120.781	52.493	-1419.683
73.024	0.000	401.032	871751.044	49.414	-1328.108
73.279	0.000	401.032	931173.304	47.644	-1242.312
73.647	0.000	401.032	994646.037	45.738	-1162.515
73.965	0.000	401.032	1062445.341	2.702	-1081.927
74.402	0.000	401.032	1134866.134	2.733	-1010.888
74.936	0.000	401.032	1212223.437	1.765	-943.647
75.294	0.000	401.032	1294853.743	-0.142	-883.988
75.720	0.000	401.032	1383116.481	-0.121	-825.920
76.240	0.000	401.032	1477395.584	-2.621	-770.467
76.711	0.000	401.032	1578101.150	-3.644	-718.505
76.962	0.000	401.032	1685671.237	-3.710	-669.582
77.349	0.000	401.032	1800573.758	-5.003	-623.761
77.801	0.000	401.032	1923308.524	-5.625	-580.496
78.185	0.000	401.032	2054409.414	-6.321	-539.587
78.597	0.000	401.032	2194446.698	-6.527	-501.103
78.870	0.000	401.031	2344029.518	-6.796	-464.750
79.252	0.000	401.031	2503808.540	-7.575	-430.716
79.659	0.000	401.031	2674478.780	-7.784	-397.938
80.037	0.000	401.031	2856782.629	-8.069	-367.351
80.368	0.000	401.031	3051513.084	-8.052	-337.908
80.680	0.000	401.031	3259517.196	-7.834	-310.379
80.940	0.000	401.031	3481699.752	-7.736	-283.839
81.440	0.000	401.031	3719027.216	-7.676	-258.902
81.840	0.000	401.031	3972531.929	-6.926	-234.828
82.112	0.000	401.031	4243316.602	-5.823	-212.593
82.533	0.000	401.031	4532559.110	-5.534	-191.889
82.984	0.000	401.031	4841517.618	-5.833	-170.900
83.362	0.000	401.031	5171536.051	-5.176	-150.940
83.886	0.000	401.031	5524049.945	-4.286	-131.977
84.128	0.000	401.031	5900592.685	-3.317	-113.739
84.607	0.000	401.031	6302802.180	-2.039	-96.451
84.983	0.000	401.032	6732427.985	-0.808	-80.012
85.228	0.000	401.032	7191338.911	0.564	-64.194
85.603	0.000	401.032	7681531.159	2.279	-49.103
85.983	0.000	401.032	8205136.995	4.372	-35.365
86.376	0.000	401.032	8764434.032	6.083	-22.264
86.793	0.000	401.032	9361855.135	8.014	-10.150
87.097	0.000	401.032	9999999.000	10.057	0.876
