Time (s)	Light (A)	T (K)	f (Hz)	R (Ohm)	X (Ohm)
1.473	0.000	415.039	20.000	8342735.000	-51719780.000
2.855	0.000	415.040	21.363	2928721.000	-44272470.000
4.153	0.000	415.039	22.819	2680632.000	-41532200.000
5.420	0.000	415.039	24.375	2475153.000	-39005670.000
6.593	0.000	415.038	26.036	2217959.000	-36562540.000
7.696	0.000	415.038	27.811	2054929.000	-34282580.000
8.710	0.000	415.038	29.707	1860314.000	-32147010.000
9.668	0.000	415.037	31.732	1594815.000	-30153490.000
10.568	0.000	415.037	33.895	1476712.000	-28199790.000
11.413	0.000	415.037	36.205	1400947.000	-26530130.000
12.235	0.000	415.036	38.673	1284178.000	-24802160.000
13.178	0.000	415.036	41.309	1121534.000	-23269530.000
14.065	0.000	415.036	44.125	929218.600	-21802570.000
14.900	0.000	415.036	47.133	825502.500	-20441310.000
15.687	0.000	415.036	50.346	746109.000	-19119120.000
16.428	0.000	415.035	53.777	700708.400	-17984560.000
17.126	0.000	415.034	57.443	668369.900	-16885810.000
17.784	0.000	415.034	61.359	642828.300	-15807810.000
18.409	0.000	415.034	65.541	606093.400	-14823910.000
19.009	0.000	415.033	70.009	546759.500	-13890560.000
19.567	0.000	415.033	74.781	505090.000	-13028660.000
20.109	0.000	415.033	79.878	455949.600	-12206800.000
20.641	0.000	415.032	85.323	413123.100	-11439540.000
21.177	0.000	415.032	91.139	374242.600	-10728590.000
21.682	0.000	415.032	97.352	335911.300	-10053540.000
22.228	0.000	415.031	103.987	317586.200	-9433736.000
22.671	0.000	415.031	111.076	292624.800	-8834415.000
23.188	0.000	415.031	118.647	268193.700	-8274963.000
23.606	0.000	415.031	126.735	244976.800	-7758168.000
24.061	0.000	415.031	135.373	229240.800	-7271823.000
24.487	0.000	415.031	144.601	201717.300	-6823642.000
24.958	0.000	415.031	154.458	198567.200	-6391589.000
25.263	0.000	415.031	164.986	172792.400	-5984196.000
25.659	0.000	415.031	176.232	159558.200	-5607898.000
25.990	0.000	415.031	188.245	147279.100	-5252293.000
26.399	0.000	415.031	201.077	134614.000	-4922961.000
26.793	0.000	415.031	214.783	125149.900	-4612983.000
27.088	0.000	415.031	229.423	114670.200	-4323436.000
27.454	0.000	415.031	245.062	108696.900	-4050971.000
27.719	0.000	415.031	261.766	96406.940	-3792651.000
28.080	0.000	415.031	279.609	89893.320	-3555974.000
28.363	0.000	415.031	298.669	82559.850	-3331820.000
28.633	0.000	415.031	319.027	76457.960	-3122231.000
29.025	0.000	415.032	340.773	70018.610	-2925440.000
29.279	0.000	415.032	364.002	64826.860	-2741192.000
29.593	0.000	415.032	388.814	59977.970	-2568161.000
29.863	0.000	415.032	415.317	55932.210	-2406201.000
30.097	0.000	415.032	443.627	51575.550	-2254935.000
30.507	0.000	415.032	473.866	47393.370	-2112364.000
30.805	0.000	415.032	506.167	44030.170	-1979374.000
31.136	0.000	415.032	540.670	40844.150	-1854654.000
31.377	0.000	415.032	577.524	37833.160	-1737210.000
31.563	0.000	415.032	616.890	35199.000	-1628106.000
31.928	0.000	415.032	658.940	32461.580	-1525274.000
32.118	0.000	415.032	703.857	30144.800	-1429118.000
32.334	0.000	415.032	751.834	28328.950	-1338598.000
32.629	0.000	415.032	803.083	26204.710	-1254509.000
32.857	0.000	415.032	857.824	24212.550	-1175301.000
33.142	0.000	415.032	916.297	22401.670	-1101028.000
33.319	0.000	415.032	978.756	20776.460	-1031425.000
33.910	0.000	415.033	1045.472	19157.020	-966636.400
34.505	0.000	415.033	1116.736	17713.470	-905823.700
35.092	0.000	415.033	1192.857	16569.920	-848748.300
35.805	0.000	415.033	1274.167	15409.350	-795025.100
36.225	0.000	415.033	1361.020	14347.440	-744935.400
36.665	0.000	415.033	1453.793	13298.480	-697840.700
37.186	0.000	415.033	1552.890	12513.300	-653831.600
37.594	0.000	415.032	1658.741	11535.820	-612596.400
37.996	0.000	415.032	1771.808	10801.110	-573921.600
38.390	0.000	415.032	1892.582	10051.550	-537696.000
38.870	0.000	415.032	2021.589	9339.270	-503689.200
39.361	0.000	415.032	2159.389	8758.307	-471963.100
39.679	0.000	415.032	2306.582	8143.965	-442126.800
40.033	0.000	415.032	2463.808	7561.253	-414209.500
40.419	0.000	415.032	2631.752	7077.790	-388085.900
40.825	0.000	415.032	2811.143	6605.121	-363575.100
41.206	0.000	415.032	3002.763	6169.458	-340631.000
41.492	0.000	415.032	3207.444	5717.628	-319089.000
41.791	0.000	415.032	3426.077	5387.230	-298973.900
42.061	0.000	415.032	3659.613	5008.218	-280084.400
42.451	0.000	415.032	3909.068	4660.199	-262388.600
42.769	0.000	415.032	4175.526	4361.798	-245864.800
43.142	0.000	415.032	4460.148	4062.833	-230333.100
43.472	0.000	415.032	4764.171	3802.543	-215723.600
43.842	0.000	415.032	5088.917	3560.644	-202166.800
44.132	0.000	415.032	5435.799	3302.451	-189351.800
44.625	0.000	415.032	5806.326	3090.521	-177395.800
45.005	0.000	415.033	6202.110	2887.395	-166210.000
45.421	0.000	415.033	6624.872	2676.717	-155697.400
45.755	0.000	415.033	7076.452	2562.370	-145917.400
46.118	0.000	415.033	7558.813	2353.404	-136687.300
46.436	0.000	415.033	8074.054	2217.833	-127999.900
46.989	0.000	415.033	8624.416	2021.015	-119902.400
47.289	0.000	415.032	9212.292	1977.676	-112354.900
47.690	0.000	415.032	9840.241	1788.349	-105246.300
47.995	0.000	415.032	10510.994	1704.986	-98613.000
48.242	0.000	415.032	11227.468	1587.451	-92373.560
48.695	0.000	415.032	11992.780	1492.672	-86541.500
49.137	0.000	415.033	12810.259	1393.121	-81078.820
49.455	0.000	415.033	13683.461	1313.845	-75964.000
49.766	0.000	415.033	14616.184	1233.652	-71176.420
50.102	0.000	415.033	15612.485	1149.159	-66686.870
50.391	0.000	415.033	16676.698	1085.165	-62462.350
50.676	0.000	415.033	17813.453	1019.565	-58517.820
51.061	0.000	415.033	19027.694	959.984	-54810.600
51.375	0.000	415.033	20324.702	901.582	-51359.940
51.653	0.000	415.033	21710.121	844.713	-48113.010
51.938	0.000	415.033	23189.975	789.057	-45071.500
52.169	0.000	415.033	24770.702	746.694	-42226.960
52.456	0.000	415.033	26459.178	698.969	-39557.330
52.854	0.000	415.033	28262.749	660.927	-37044.400
53.118	0.000	415.033	30189.258	613.413	-34715.390
53.445	0.000	415.033	32247.086	579.149	-32518.330
53.732	0.000	415.032	34445.185	544.635	-30466.080
54.064	0.000	415.032	36793.115	513.249	-28543.950
54.381	0.000	415.032	39301.090	488.541	-26740.860
54.749	0.000	415.032	41980.020	456.041	-25056.170
55.110	0.000	415.032	44841.556	433.892	-23472.010
55.582	0.000	415.032	47898.147	406.268	-21991.010
55.999	0.000	415.031	51163.089	382.916	-20594.150
56.403	0.000	415.031	54650.583	365.706	-19297.700
56.895	0.000	415.031	58375.799	340.286	-18086.320
57.358	0.000	415.031	62354.942	317.619	-16953.150
57.774	0.000	415.030	66605.320	307.687	-15866.830
58.261	0.000	415.030	71145.421	286.652	-14868.410
58.589	0.000	415.030	75994.996	270.790	-13931.530
58.924	0.000	415.030	81175.138	258.493	-13056.470
59.347	0.000	415.030	86708.381	245.434	-12221.790
59.726	0.000	415.030	92618.793	225.795	-11453.960
60.104	0.000	415.031	98932.084	210.495	-10731.340
60.524	0.000	415.031	105675.715	199.573	-10063.870
60.806	0.000	415.031	112879.022	188.788	-9418.847
61.178	0.000	415.031	120573.336	183.564	-8831.012
61.493	0.000	415.032	128792.127	166.623	-8259.321
61.896	0.000	415.032	137571.146	165.610	-7745.473
62.290	0.000	415.032	146948.581	156.206	-7256.210
62.676	0.000	415.032	156965.221	150.978	-6799.387
63.108	0.000	415.032	167664.638	141.072	-6368.473
63.516	0.000	415.032	179093.373	135.521	-5966.637
64.011	0.000	415.033	191301.139	129.270	-5590.107
64.446	0.000	415.033	204341.039	123.423	-5237.096
64.715	0.000	415.033	218269.793	119.756	-4909.367
65.118	0.000	415.033	233147.990	114.628	-4603.455
65.399	0.000	415.033	249040.349	106.571	-4309.173
65.774	0.000	415.033	266015.998	101.098	-4036.685
66.050	0.000	415.033	284148.780	97.810	-3783.708
66.426	0.000	415.033	303517.570	90.735	-3543.455
67.016	0.000	415.033	324206.618	86.402	-3319.154
67.462	0.000	415.033	346305.920	82.646	-3107.218
67.974	0.000	415.033	369911.605	79.587	-2910.773
68.427	0.000	415.033	395126.353	77.466	-2729.216
68.675	0.000	415.033	422059.846	72.453	-2555.034
69.104	0.000	415.033	450829.241	69.645	-2394.224
69.567	0.000	415.033	481559.679	66.661	-2241.553
69.891	0.000	415.033	514384.835	64.203	-2099.571
70.366	0.000	415.033	549447.493	61.146	-1966.293
70.802	0.000	415.033	586900.171	58.631	-1840.488
71.125	0.000	415.033	626905.783	56.598	-1723.901
71.551	0.000	415.034	669638.348	54.946	-1614.639
71.898	0.000	415.034	715283.746	52.189	-1510.997
72.243	0.000	415.035	764040.529	48.863	-1414.985
72.516	0.000	415.035	816120.781	49.443	-1324.062
72.877	0.000	415.035	871751.044	46.956	-1239.251
73.284	0.000	415.036	931173.304	46.403	-1158.358
73.604	0.000	415.036	994646.037	43.499	-1084.376
74.118	0.000	415.036	1062445.341	3.852	-1009.343
74.388	0.000	415.036	1134866.134	3.194	-942.478
74.883	0.000	415.037	1212223.437	2.454	-880.654
75.315	0.000	415.037	1294853.743	1.375	-823.857
75.746	0.000	415.037	1383116.481	0.415	-769.678
76.226	0.000	415.037	1477395.584	-1.230	-718.161
76.738	0.000	415.038	1578101.150	-2.081	-669.578
77.155	0.000	415.038	1685671.237	-2.357	-623.943
77.548	0.000	415.038	1800573.758	-3.140	-581.580
77.930	0.000	415.038	1923308.524	-4.129	-540.434
78.255	0.000	415.038	2054409.414	-4.755	-502.726
78.600	0.000	415.038	2194446.698	-4.998	-466.137
78.887	0.000	415.038	2344029.518	-5.175	-432.195
79.308	0.000	415.038	2503808.540	-5.642	-400.446
79.739	0.000	415.038	2674478.780	-5.794	-369.801
80.098	0.000	415.038	2856782.629	-6.179	-341.130
80.492	0.000	415.038	3051513.084	-6.189	-313.592
80.948	0.000	415.038	3259517.196	-6.237	-287.780
81.331	0.000	415.038	3481699.752	-5.957	-262.999
81.797	0.000	415.037	3719027.216	-5.891	-239.593
82.061	0.000	415.037	3972531.929	-5.513	-216.732
82.451	0.000	415.037	4243316.602	-4.306	-195.349
82.920	0.000	415.036	4532559.110	-3.768	-175.774
83.320	0.000	415.036	4841517.618	-4.082	-156.689
83.649	0.000	415.036	5171536.051	-3.339	-137.776
84.073	0.000	415.036	5524049.945	-2.452	-119.882
84.571	0.000	415.036	5900592.685	-1.561	-102.698
84.946	0.000	415.036	6302802.180	-0.267	-86.422
85.193	0.000	415.036	6732427.985	0.842	-70.925
85.560	0.000	415.036	7191338.911	2.192	-55.985
85.886	0.000	415.036	7681531.159	3.806	-41.793
86.234	0.000	415.036	8205136.995	5.756	-28.425
86.526	0.000	415.036	8764434.032	7.570	-16.408
86.937	0.000	415.036	9361855.135	9.343	-5.077
87.333	0.000	415.036	9999999.000	11.324	5.283
