Time (s)	Light (A)	T (K)	f (Hz)	R (Ohm)	X (Ohm)
1.473	0.000	429.038	20.000	2436654.000	-32281340.000
2.855	0.000	429.038	21.363	4447134.000	-29238560.000
4.152	0.000	429.038	22.819	3979637.000	-27513890.000
5.373	0.000	429.038	24.375	3612388.000	-25850810.000
6.520	0.000	429.039	26.036	3284792.000	-24344610.000
7.612	0.000	429.039	27.811	2960098.000	-22855770.000
8.637	0.000	429.039	29.707	2682522.000	-21471480.000
9.591	0.000	429.039	31.732	2443141.000	-20192470.000
10.488	0.000	429.038	33.895	2223840.000	-19011440.000
11.333	0.000	429.038	36.205	1972303.000	-17832300.000
12.136	0.000	429.038	38.673	1796660.000	-16767540.000
13.080	0.000	429.038	41.309	1634657.000	-15747830.000
13.968	0.000	429.037	44.125	1445277.000	-14791120.000
14.802	0.000	429.037	47.133	1303412.000	-13900430.000
15.599	0.000	429.036	50.346	1158866.000	-13013160.000
16.340	0.000	429.036	53.777	1078574.000	-12235330.000
17.037	0.000	429.036	57.443	995222.200	-11491100.000
17.696	0.000	429.036	61.359	915304.900	-10794360.000
18.316	0.000	429.035	65.541	829134.400	-10138070.000
18.902	0.000	429.035	70.009	760591.200	-9509636.000
19.455	0.000	429.034	74.781	690008.100	-8929787.000
19.978	0.000	429.034	79.878	621992.200	-8379829.000
20.471	0.000	429.034	85.323	566344.600	-7861623.000
20.937	0.000	429.034	91.139	513331.800	-7377896.000
21.375	0.000	429.034	97.352	465453.700	-6917771.000
21.802	0.000	429.034	103.987	425511.700	-6492471.000
22.217	0.000	429.033	111.076	388591.200	-6086234.000
22.605	0.000	429.033	118.647	352524.000	-5709452.000
22.975	0.000	429.032	126.735	323034.600	-5353475.000
23.319	0.000	429.032	135.373	295637.200	-5022286.000
23.662	0.000	429.032	144.601	263737.300	-4704356.000
23.976	0.000	429.031	154.458	251191.700	-4412027.000
24.279	0.000	429.031	164.986	223754.100	-4141805.000
24.622	0.000	429.031	176.232	204825.600	-3884985.000
24.905	0.000	429.030	188.245	186954.900	-3642797.000
25.194	0.000	429.030	201.077	169745.100	-3415477.000
25.463	0.000	429.030	214.783	155768.300	-3204282.000
25.728	0.000	429.030	229.423	143476.200	-3002818.000
25.969	0.000	429.030	245.062	130278.800	-2817834.000
26.292	0.000	429.029	261.766	118661.500	-2639816.000
26.546	0.000	429.029	279.609	108525.800	-2474669.000
26.825	0.000	429.029	298.669	99803.860	-2320494.000
27.129	0.000	429.029	319.027	91449.230	-2175751.000
27.418	0.000	429.029	340.773	83097.520	-2039527.000
27.686	0.000	429.029	364.002	76711.940	-1912038.000
27.979	0.000	429.029	388.814	70489.950	-1792007.000
28.201	0.000	429.029	415.317	64480.620	-1679729.000
28.448	0.000	429.029	443.627	59254.610	-1575099.000
28.652	0.000	429.029	473.866	54533.760	-1475982.000
28.877	0.000	429.029	506.167	50034.480	-1383242.000
29.126	0.000	429.029	540.670	46117.090	-1297115.000
29.339	0.000	429.028	577.524	42429.100	-1215449.000
29.569	0.000	429.028	616.890	39081.690	-1139267.000
29.794	0.000	429.028	658.940	36159.880	-1067646.000
30.004	0.000	429.028	703.857	33195.180	-1000905.000
30.250	0.000	429.028	751.834	30606.920	-938336.400
30.476	0.000	429.028	803.083	28442.430	-879338.200
30.684	0.000	429.028	857.824	26163.600	-823994.800
30.927	0.000	429.028	916.297	24215.660	-772304.600
31.112	0.000	429.028	978.756	22286.640	-723950.500
31.652	0.000	429.028	1045.472	20298.760	-678758.900
32.151	0.000	429.029	1116.736	18657.410	-636275.500
32.611	0.000	429.029	1192.857	17240.840	-596382.700
33.045	0.000	429.029	1274.167	16015.700	-558865.300
33.455	0.000	429.029	1361.020	14802.860	-523766.300
33.869	0.000	429.029	1453.793	13781.810	-490828.500
34.253	0.000	429.029	1552.890	12753.010	-459999.400
34.647	0.000	429.029	1658.741	11833.810	-431002.000
35.003	0.000	429.029	1771.808	10935.180	-403952.600
35.344	0.000	429.029	1892.582	10199.190	-378567.500
35.690	0.000	429.029	2021.589	9425.177	-354717.900
36.030	0.000	429.029	2159.389	8732.789	-332442.100
36.360	0.000	429.029	2306.582	8122.409	-311549.300
36.695	0.000	429.029	2463.808	7484.810	-291925.300
37.018	0.000	429.029	2631.752	6953.604	-273568.300
37.312	0.000	429.029	2811.143	6545.121	-256341.300
37.667	0.000	429.029	3002.763	6012.153	-240182.000
37.954	0.000	429.029	3207.444	5620.742	-225088.600
38.209	0.000	429.029	3426.077	5210.885	-210904.600
38.473	0.000	429.029	3659.613	4903.058	-197645.000
38.747	0.000	429.029	3909.068	4544.721	-185221.500
39.083	0.000	429.029	4175.526	4200.122	-173598.700
39.442	0.000	429.029	4460.148	3892.179	-162686.500
39.790	0.000	429.029	4764.171	3633.424	-152424.300
40.152	0.000	429.030	5088.917	3402.868	-142841.100
40.465	0.000	429.030	5435.799	3146.321	-133878.500
40.833	0.000	429.031	5806.326	2938.665	-125430.400
41.118	0.000	429.031	6202.110	2738.208	-117533.900
41.454	0.000	429.031	6624.872	2524.795	-110116.500
41.695	0.000	429.032	7076.452	2373.745	-103204.700
42.020	0.000	429.032	7558.813	2203.813	-96730.040
42.377	0.000	429.033	8074.054	2076.682	-90602.210
42.690	0.000	429.033	8624.416	1930.556	-84884.510
42.981	0.000	429.033	9212.292	1780.097	-79580.990
43.273	0.000	429.033	9840.241	1668.968	-74578.780
43.553	0.000	429.033	10510.994	1567.149	-69845.780
43.814	0.000	429.033	11227.468	1461.953	-65444.020
44.074	0.000	429.034	11992.780	1360.631	-61326.720
44.364	0.000	429.034	12810.259	1279.253	-57464.850
44.633	0.000	429.034	13683.461	1191.997	-53858.300
44.915	0.000	429.034	14616.184	1111.566	-50462.960
45.170	0.000	429.034	15612.485	1043.442	-47276.390
45.474	0.000	429.034	16676.698	974.479	-44297.110
45.723	0.000	429.035	17813.453	907.062	-41511.730
45.973	0.000	429.035	19027.694	847.451	-38889.440
46.216	0.000	429.035	20324.702	797.472	-36439.340
46.489	0.000	429.035	21710.121	751.814	-34141.720
46.754	0.000	429.035	23189.975	695.739	-31991.950
47.024	0.000	429.035	24770.702	657.730	-29973.400
47.265	0.000	429.035	26459.178	610.928	-28083.960
47.587	0.000	429.034	28262.749	565.882	-26312.770
47.875	0.000	429.034	30189.258	533.542	-24653.820
48.125	0.000	429.034	32247.086	504.299	-23106.720
48.453	0.000	429.034	34445.185	470.490	-21646.990
48.695	0.000	429.034	36793.115	443.067	-20288.210
48.935	0.000	429.034	39301.090	411.469	-19002.790
49.182	0.000	429.034	41980.020	389.432	-17808.770
49.527	0.000	429.034	44841.556	362.373	-16687.020
49.902	0.000	429.034	47898.147	343.796	-15633.630
50.308	0.000	429.034	51163.089	323.297	-14648.430
50.627	0.000	429.034	54650.583	302.019	-13728.490
50.988	0.000	429.034	58375.799	283.350	-12861.600
51.257	0.000	429.034	62354.942	263.265	-12039.380
51.682	0.000	429.034	66605.320	252.335	-11287.770
51.978	0.000	429.034	71145.421	239.112	-10575.790
52.276	0.000	429.034	75994.996	223.921	-9910.357
52.554	0.000	429.034	81175.138	210.825	-9283.822
52.842	0.000	429.034	86708.381	200.621	-8701.020
53.170	0.000	429.034	92618.793	190.938	-8151.756
53.471	0.000	429.034	98932.084	177.366	-7637.077
53.770	0.000	429.034	105675.715	168.690	-7164.680
54.029	0.000	429.034	112879.022	160.940	-6710.450
54.305	0.000	429.034	120573.336	149.618	-6287.906
54.642	0.000	429.034	128792.127	146.059	-5899.359
54.912	0.000	429.034	137571.146	136.088	-5517.555
55.306	0.000	429.034	146948.581	127.603	-5169.636
55.584	0.000	429.034	156965.221	120.940	-4844.938
55.867	0.000	429.034	167664.638	115.864	-4537.703
56.149	0.000	429.034	179093.373	110.068	-4251.792
56.532	0.000	429.034	191301.139	104.692	-3981.884
56.807	0.000	429.034	204341.039	100.287	-3731.902
57.059	0.000	429.034	218269.793	96.473	-3496.277
57.351	0.000	429.034	233147.990	94.394	-3275.361
57.642	0.000	429.033	249040.349	85.937	-3070.351
57.955	0.000	429.033	266015.998	81.989	-2876.953
58.237	0.000	429.033	284148.780	77.890	-2694.869
58.523	0.000	429.033	303517.570	74.021	-2524.346
58.979	0.000	429.033	324206.618	70.619	-2364.936
59.259	0.000	429.033	346305.920	67.703	-2215.682
59.571	0.000	429.032	369911.605	64.850	-2075.077
59.813	0.000	429.032	395126.353	62.520	-1944.548
60.085	0.000	429.032	422059.846	59.157	-1821.173
60.427	0.000	429.032	450829.241	56.840	-1705.634
60.752	0.000	429.032	481559.679	54.955	-1598.014
61.001	0.000	429.032	514384.835	52.129	-1496.448
61.288	0.000	429.032	549447.493	50.006	-1401.196
61.534	0.000	429.032	586900.171	48.033	-1312.031
61.828	0.000	429.032	626905.783	46.366	-1228.317
62.132	0.000	429.032	669638.348	44.844	-1149.979
62.387	0.000	429.031	715283.746	42.832	-1076.652
62.687	0.000	429.031	764040.529	40.602	-1007.771
62.961	0.000	429.031	816120.781	39.841	-942.777
63.323	0.000	429.031	871751.044	38.481	-882.008
63.632	0.000	429.031	931173.304	37.246	-824.879
63.889	0.000	429.031	994646.037	35.943	-771.456
64.199	0.000	429.031	1062445.341	7.381	-718.046
64.481	0.000	429.031	1134866.134	6.541	-670.938
64.879	0.000	429.031	1212223.437	5.628	-626.568
65.180	0.000	429.031	1294853.743	4.801	-584.807
65.504	0.000	429.031	1383116.481	4.020	-545.457
65.981	0.000	429.031	1477395.584	3.242	-508.752
66.414	0.000	429.030	1578101.150	2.645	-473.853
66.683	0.000	429.030	1685671.237	2.096	-440.939
66.995	0.000	429.030	1800573.758	1.533	-410.160
67.436	0.000	429.030	1923308.524	1.009	-380.911
67.705	0.000	429.029	2054409.414	0.529	-353.331
68.056	0.000	429.029	2194446.698	0.232	-327.241
68.356	0.000	429.029	2344029.518	-0.105	-302.575
68.632	0.000	429.029	2503808.540	-0.324	-279.161
68.903	0.000	429.029	2674478.780	-0.491	-257.029
69.288	0.000	429.029	2856782.629	-0.631	-235.949
69.574	0.000	429.029	3051513.084	-0.705	-215.891
69.834	0.000	429.028	3259517.196	-0.674	-196.822
70.216	0.000	429.028	3481699.752	-0.527	-178.632
70.535	0.000	429.028	3719027.216	-0.338	-161.236
70.790	0.000	429.028	3972531.929	-0.097	-144.593
71.117	0.000	429.028	4243316.602	0.276	-128.669
71.404	0.000	429.028	4532559.110	0.795	-113.460
71.731	0.000	429.028	4841517.618	1.282	-98.835
72.001	0.000	429.028	5171536.051	1.920	-84.768
72.460	0.000	429.028	5524049.945	2.705	-71.272
72.717	0.000	429.028	5900592.685	3.595	-58.320
72.987	0.000	429.027	6302802.180	4.629	-45.941
73.255	0.000	429.027	6732427.985	5.775	-34.070
73.547	0.000	429.027	7191338.911	7.053	-22.787
73.832	0.000	429.027	7681531.159	8.457	-12.115
74.110	0.000	429.027	8205136.995	9.976	-2.097
74.440	0.000	429.027	8764434.032	11.614	7.200
74.733	0.000	429.027	9361855.135	13.297	15.653
75.077	0.000	429.027	9999999.000	15.018	23.217
