Time (s)	Light (A)	T (K)	f (Hz)	R (Ohm)	X (Ohm)
1.474	0.000	432.981	20.000	5416383.000	-27810080.000
2.858	0.000	432.981	21.363	5080470.000	-28361140.000
4.157	0.000	432.983	22.819	4616942.000	-26674700.000
5.401	0.000	432.985	24.375	4202870.000	-25125290.000
6.546	0.000	432.988	26.036	3812805.000	-23656410.000
7.626	0.000	432.990	27.811	3464983.000	-22284750.000
8.640	0.000	432.992	29.707	3132350.000	-20972080.000
9.593	0.000	432.997	31.732	2829787.000	-19741600.000
10.491	0.000	433.011	33.895	2535869.000	-18553990.000
11.337	0.000	433.022	36.205	2336553.000	-17420060.000
12.143	0.000	433.031	38.673	2119766.000	-16384130.000
13.086	0.000	433.040	41.309	1890880.000	-15403800.000
13.976	0.000	433.047	44.125	1677010.000	-14491650.000
14.821	0.000	433.053	47.133	1497052.000	-13606270.000
15.608	0.000	433.058	50.346	1328887.000	-12807040.000
16.347	0.000	433.062	53.777	1232142.000	-12027660.000
17.044	0.000	433.065	57.443	1144341.000	-11301250.000
17.701	0.000	433.068	61.359	1054652.000	-10618420.000
18.321	0.000	433.070	65.541	952160.000	-9963431.000
18.908	0.000	433.071	70.009	868836.100	-9362200.000
19.461	0.000	433.073	74.781	783286.200	-8786329.000
19.983	0.000	433.073	79.878	713625.700	-8237557.000
20.478	0.000	433.074	85.323	644732.700	-7739250.000
20.945	0.000	433.075	91.139	586881.100	-7261307.000
21.387	0.000	433.075	97.352	534503.800	-6816201.000
21.819	0.000	433.075	103.987	482770.400	-6393886.000
22.212	0.000	433.076	111.076	442098.400	-6003608.000
22.585	0.000	433.076	118.647	400455.400	-5631381.000
22.942	0.000	433.076	126.735	365411.500	-5283627.000
23.314	0.000	433.076	135.373	328657.700	-4958326.000
23.638	0.000	433.076	144.601	293567.600	-4647082.000
23.961	0.000	433.075	154.458	277050.600	-4354378.000
24.270	0.000	433.075	164.986	250736.400	-4091186.000
24.571	0.000	433.075	176.232	229077.200	-3835860.000
24.848	0.000	433.075	188.245	208565.600	-3599319.000
25.125	0.000	433.075	201.077	189430.300	-3376518.000
25.420	0.000	433.074	214.783	173243.900	-3165613.000
25.676	0.000	433.074	229.423	157499.800	-2969145.000
25.965	0.000	433.074	245.062	144161.800	-2781293.000
26.234	0.000	433.073	261.766	130610.100	-2609155.000
26.511	0.000	433.073	279.609	120182.300	-2446656.000
26.820	0.000	433.073	298.669	109988.100	-2294042.000
27.055	0.000	433.072	319.027	100371.300	-2152020.000
27.345	0.000	433.072	340.773	92045.900	-2017308.000
27.627	0.000	433.071	364.002	83898.350	-1891187.000
27.938	0.000	433.071	388.814	76955.970	-1773225.000
28.219	0.000	433.070	415.317	70681.860	-1662413.000
28.507	0.000	433.070	443.627	64722.710	-1558738.000
28.804	0.000	433.069	473.866	59044.720	-1461544.000
29.023	0.000	433.069	506.167	54472.350	-1369863.000
29.276	0.000	433.068	540.670	49834.820	-1283988.000
29.460	0.000	433.068	577.524	46143.790	-1203483.000
29.710	0.000	433.067	616.890	42189.680	-1128021.000
29.941	0.000	433.067	658.940	38816.310	-1057418.000
30.131	0.000	433.067	703.857	35695.310	-991345.900
30.387	0.000	433.066	751.834	32644.710	-929063.200
30.599	0.000	433.065	803.083	29845.200	-871058.900
30.796	0.000	433.065	857.824	27645.210	-816379.900
31.043	0.000	433.064	916.297	25613.130	-765217.900
31.227	0.000	433.064	978.756	23560.100	-717011.500
31.799	0.000	433.062	1045.472	21460.830	-672565.900
32.297	0.000	433.061	1116.736	19699.510	-630486.300
32.756	0.000	433.060	1192.857	18290.770	-590934.600
33.196	0.000	433.058	1274.167	16844.170	-553799.600
33.610	0.000	433.057	1361.020	15610.240	-519005.700
34.012	0.000	433.056	1453.793	14453.350	-486413.300
34.391	0.000	433.055	1552.890	13335.890	-455910.100
34.787	0.000	433.055	1658.741	12375.840	-427186.100
35.158	0.000	433.054	1771.808	11441.030	-400392.200
35.532	0.000	433.053	1892.582	10589.410	-375235.500
35.868	0.000	433.053	2021.589	9767.936	-351645.000
36.227	0.000	433.052	2159.389	9058.067	-329531.000
36.549	0.000	433.051	2306.582	8393.826	-308808.900
36.872	0.000	433.050	2463.808	7779.759	-289397.200
37.222	0.000	433.049	2631.752	7224.186	-271156.800
37.503	0.000	433.049	2811.143	6726.122	-254113.100
37.788	0.000	433.048	3002.763	6240.677	-238148.300
38.053	0.000	433.047	3207.444	5771.321	-223172.800
38.339	0.000	433.046	3426.077	5364.346	-209132.300
38.597	0.000	433.046	3659.613	4984.511	-195976.800
38.921	0.000	433.045	3909.068	4625.627	-183609.200
39.282	0.000	433.044	4175.526	4291.745	-172142.200
39.639	0.000	433.044	4460.148	4010.376	-161318.400
40.007	0.000	433.043	4764.171	3702.952	-151154.600
40.355	0.000	433.043	5088.917	3411.512	-141653.500
40.648	0.000	433.042	5435.799	3211.824	-132716.900
40.929	0.000	433.042	5806.326	2975.704	-124335.100
41.223	0.000	433.042	6202.110	2767.382	-116538.100
41.501	0.000	433.041	6624.872	2602.473	-109209.900
41.747	0.000	433.040	7076.452	2409.022	-102325.600
42.082	0.000	433.040	7558.813	2228.832	-95922.170
42.478	0.000	433.039	8074.054	2067.747	-89882.960
42.772	0.000	433.038	8624.416	1914.986	-84181.040
43.101	0.000	433.038	9212.292	1797.114	-78936.260
43.359	0.000	433.037	9840.241	1678.557	-73925.260
43.617	0.000	433.037	10510.994	1579.811	-69264.300
43.924	0.000	433.036	11227.468	1467.310	-64905.270
44.195	0.000	433.036	11992.780	1375.420	-60819.360
44.462	0.000	433.035	12810.259	1277.153	-56987.390
44.717	0.000	433.035	13683.461	1193.626	-53400.280
45.002	0.000	433.035	14616.184	1117.364	-50040.120
45.221	0.000	433.034	15612.485	1031.143	-46882.960
45.499	0.000	433.034	16676.698	971.008	-43934.630
45.752	0.000	433.034	17813.453	904.014	-41163.680
46.056	0.000	433.033	19027.694	845.828	-38567.780
46.340	0.000	433.032	20324.702	786.465	-36141.780
46.615	0.000	433.032	21710.121	740.437	-33857.000
46.856	0.000	433.031	23189.975	688.830	-31726.360
47.142	0.000	433.031	24770.702	647.520	-29733.630
47.419	0.000	433.031	26459.178	605.592	-27852.320
47.677	0.000	433.030	28262.749	565.573	-26094.970
47.907	0.000	433.030	30189.258	533.760	-24457.110
48.163	0.000	433.029	32247.086	501.104	-22911.690
48.380	0.000	433.029	34445.185	465.861	-21467.980
48.651	0.000	433.029	36793.115	436.475	-20118.590
48.906	0.000	433.029	39301.090	409.317	-18845.400
49.190	0.000	433.028	41980.020	383.336	-17658.500
49.551	0.000	433.028	44841.556	358.105	-16550.100
49.922	0.000	433.027	47898.147	335.181	-15505.740
50.309	0.000	433.027	51163.089	313.421	-14530.160
50.629	0.000	433.026	54650.583	297.691	-13609.910
51.009	0.000	433.026	58375.799	276.693	-12749.570
51.286	0.000	433.026	62354.942	259.119	-11955.560
51.712	0.000	433.026	66605.320	244.807	-11196.150
52.097	0.000	433.026	71145.421	231.846	-10486.360
52.345	0.000	433.025	75994.996	220.356	-9828.482
52.625	0.000	433.025	81175.138	204.099	-9199.585
52.921	0.000	433.025	86708.381	192.637	-8627.110
53.181	0.000	433.025	92618.793	179.886	-8080.166
53.508	0.000	433.025	98932.084	170.162	-7571.001
53.793	0.000	433.024	105675.715	165.171	-7092.199
54.048	0.000	433.024	112879.022	153.777	-6654.227
54.346	0.000	433.024	120573.336	143.023	-6231.384
54.723	0.000	433.024	128792.127	142.693	-5829.087
55.039	0.000	433.024	137571.146	128.653	-5470.218
55.474	0.000	433.024	146948.581	122.120	-5124.989
55.744	0.000	433.024	156965.221	116.583	-4802.201
56.004	0.000	433.024	167664.638	111.401	-4497.736
56.318	0.000	433.025	179093.373	105.480	-4215.078
56.707	0.000	433.025	191301.139	99.365	-3947.567
57.002	0.000	433.025	204341.039	94.357	-3698.914
57.268	0.000	433.025	218269.793	90.971	-3466.252
57.569	0.000	433.025	233147.990	87.311	-3248.118
57.870	0.000	433.025	249040.349	81.072	-3042.650
58.190	0.000	433.025	266015.998	77.930	-2850.576
58.465	0.000	433.025	284148.780	73.995	-2670.381
58.739	0.000	433.024	303517.570	70.282	-2501.345
59.155	0.000	433.024	324206.618	67.237	-2343.698
59.452	0.000	433.024	346305.920	64.206	-2194.968
59.787	0.000	433.024	369911.605	61.142	-2056.409
60.124	0.000	433.024	395126.353	58.664	-1926.224
60.414	0.000	433.024	422059.846	56.243	-1804.142
60.726	0.000	433.024	450829.241	53.341	-1689.960
61.010	0.000	433.024	481559.679	51.867	-1582.832
61.342	0.000	433.024	514384.835	49.045	-1482.133
61.628	0.000	433.024	549447.493	47.562	-1387.670
61.922	0.000	433.025	586900.171	45.819	-1299.268
62.186	0.000	433.025	626905.783	43.873	-1216.369
62.484	0.000	433.025	669638.348	42.152	-1138.677
62.724	0.000	433.025	715283.746	40.318	-1065.865
63.015	0.000	433.025	764040.529	38.348	-996.838
63.268	0.000	433.025	816120.781	37.771	-933.168
63.548	0.000	433.025	871751.044	36.445	-872.894
63.791	0.000	433.025	931173.304	35.216	-816.398
64.093	0.000	433.025	994646.037	33.992	-763.222
64.360	0.000	433.025	1062445.341	5.912	-710.599
64.655	0.000	433.025	1134866.134	5.022	-663.687
65.151	0.000	433.025	1212223.437	4.212	-619.753
65.438	0.000	433.025	1294853.743	3.385	-578.478
65.753	0.000	433.025	1383116.481	2.825	-539.475
66.165	0.000	433.025	1477395.584	2.258	-502.914
66.573	0.000	433.025	1578101.150	1.582	-468.436
66.855	0.000	433.025	1685671.237	1.018	-435.833
67.222	0.000	433.025	1800573.758	0.492	-405.236
67.666	0.000	433.025	1923308.524	0.009	-376.376
67.945	0.000	433.025	2054409.414	-0.341	-349.055
68.283	0.000	433.025	2194446.698	-0.601	-323.124
68.546	0.000	433.025	2344029.518	-0.821	-298.762
68.793	0.000	433.025	2503808.540	-1.043	-275.585
69.071	0.000	433.025	2674478.780	-1.171	-253.604
69.466	0.000	433.025	2856782.629	-1.267	-232.755
69.736	0.000	433.025	3051513.084	-1.273	-212.884
70.071	0.000	433.025	3259517.196	-1.166	-193.978
70.367	0.000	433.024	3481699.752	-1.046	-175.972
70.713	0.000	433.024	3719027.216	-0.795	-158.706
71.053	0.000	433.025	3972531.929	-0.507	-142.260
71.410	0.000	433.025	4243316.602	-0.149	-126.463
71.678	0.000	433.025	4532559.110	0.406	-111.331
71.964	0.000	433.025	4841517.618	0.979	-96.870
72.291	0.000	433.025	5171536.051	1.659	-82.934
72.668	0.000	433.025	5524049.945	2.456	-69.582
72.978	0.000	433.025	5900592.685	3.387	-56.748
73.245	0.000	433.025	6302802.180	4.457	-44.479
73.582	0.000	433.025	6732427.985	5.623	-32.732
73.859	0.000	433.025	7191338.911	6.926	-21.562
74.126	0.000	433.025	7681531.159	8.355	-10.998
74.371	0.000	433.025	8205136.995	9.901	-1.086
74.710	0.000	433.026	8764434.032	11.543	8.105
75.018	0.000	433.026	9361855.135	13.255	16.471
75.312	0.000	433.026	9999999.000	14.993	23.931
