Time (s)	Light (A)	T (K)	f (Hz)	R (Ohm)	X (Ohm)
1.478	0.000	449.036	20.000	8460774.000	-28502840.000
2.859	0.000	449.036	21.363	7979559.000	-25053880.000
4.159	0.000	449.036	22.819	7282169.000	-23827910.000
5.378	0.000	449.036	24.375	6643261.000	-22573220.000
6.534	0.000	449.036	26.036	6045200.000	-21407160.000
7.611	0.000	449.036	27.811	5517129.000	-20279090.000
8.641	0.000	449.036	29.707	4995978.000	-19176650.000
9.594	0.000	449.036	31.732	4552257.000	-18155500.000
10.491	0.000	449.037	33.895	4162859.000	-17176570.000
11.352	0.000	449.037	36.205	3780068.000	-16227370.000
12.149	0.000	449.036	38.673	3400966.000	-15348230.000
13.092	0.000	449.036	41.309	3097326.000	-14498920.000
13.979	0.000	449.036	44.125	2773410.000	-13688050.000
14.813	0.000	449.036	47.133	2513766.000	-12919020.000
15.598	0.000	449.036	50.346	2239411.000	-12152650.000
16.337	0.000	449.036	53.777	2067443.000	-11481950.000
17.035	0.000	449.036	57.443	1896651.000	-10828200.000
17.692	0.000	449.036	61.359	1725165.000	-10201320.000
18.312	0.000	449.035	65.541	1555094.000	-9600814.000
18.898	0.000	449.035	70.009	1414872.000	-9041727.000
19.450	0.000	449.034	74.781	1280442.000	-8512928.000
19.973	0.000	449.034	79.878	1156113.000	-8002822.000
20.465	0.000	449.034	85.323	1050872.000	-7534582.000
20.932	0.000	449.034	91.139	948023.000	-7085064.000
21.372	0.000	449.034	97.352	858974.600	-6661242.000
21.790	0.000	449.034	103.987	779499.300	-6264257.000
22.202	0.000	449.034	111.076	706800.100	-5887208.000
22.583	0.000	449.034	118.647	639805.500	-5532027.000
22.969	0.000	449.034	126.735	579400.500	-5198425.000
23.335	0.000	449.034	135.373	524462.300	-4887545.000
23.665	0.000	449.034	144.601	467495.700	-4584022.000
23.992	0.000	449.034	154.458	429932.700	-4298972.000
24.330	0.000	449.034	164.986	389054.100	-4045527.000
24.638	0.000	449.034	176.232	352507.900	-3799476.000
24.928	0.000	449.034	188.245	321865.400	-3566901.000
25.226	0.000	449.034	201.077	291364.200	-3346962.000
25.484	0.000	449.034	214.783	263713.700	-3142481.000
25.793	0.000	449.034	229.423	239748.700	-2950038.000
26.080	0.000	449.034	245.062	218655.400	-2767322.000
26.372	0.000	449.034	261.766	197096.500	-2596934.000
26.660	0.000	449.034	279.609	178643.100	-2438014.000
26.923	0.000	449.034	298.669	162585.400	-2287980.000
27.225	0.000	449.034	319.027	146913.200	-2146767.000
27.528	0.000	449.034	340.773	134132.000	-2014117.000
27.808	0.000	449.034	364.002	121825.400	-1889392.000
28.108	0.000	449.034	388.814	110934.900	-1772390.000
28.407	0.000	449.034	415.317	100907.800	-1662563.000
28.719	0.000	449.034	443.627	91849.590	-1558675.000
28.947	0.000	449.034	473.866	83823.970	-1462265.000
29.185	0.000	449.034	506.167	76481.860	-1371633.000
29.395	0.000	449.034	540.670	69708.150	-1285876.000
29.645	0.000	449.034	577.524	63497.940	-1206535.000
29.870	0.000	449.034	616.890	57795.010	-1131109.000
30.139	0.000	449.034	658.940	52822.380	-1060822.000
30.354	0.000	449.034	703.857	48206.100	-994435.300
30.551	0.000	449.034	751.834	44036.490	-932423.800
30.792	0.000	449.034	803.083	40607.110	-874266.600
30.988	0.000	449.034	857.824	36860.110	-819737.700
31.183	0.000	449.034	916.297	33781.280	-768550.400
31.374	0.000	449.034	978.756	30923.350	-720420.700
31.888	0.000	449.033	1045.472	28046.190	-675935.500
32.382	0.000	449.033	1116.736	25688.650	-633745.400
32.844	0.000	449.033	1192.857	23481.370	-594102.400
33.279	0.000	449.033	1274.167	21569.100	-556925.900
33.689	0.000	449.033	1361.020	19767.870	-522070.500
34.110	0.000	449.033	1453.793	18146.870	-489436.200
34.482	0.000	449.033	1552.890	16631.370	-458794.600
34.839	0.000	449.034	1658.741	15365.700	-429981.900
35.210	0.000	449.034	1771.808	14085.850	-403024.700
35.605	0.000	449.033	1892.582	12959.310	-377729.600
35.952	0.000	449.033	2021.589	11896.640	-354055.600
36.282	0.000	449.033	2159.389	10949.140	-331875.100
36.601	0.000	449.034	2306.582	10129.510	-310968.500
36.971	0.000	449.034	2463.808	9304.988	-291502.100
37.299	0.000	449.034	2631.752	8540.567	-273237.200
37.561	0.000	449.034	2811.143	7909.755	-256077.500
37.872	0.000	449.034	3002.763	7311.393	-239984.700
38.120	0.000	449.034	3207.444	6740.268	-224922.800
38.429	0.000	449.034	3426.077	6209.584	-210741.000
38.706	0.000	449.034	3659.613	5733.833	-197541.300
39.007	0.000	449.034	3909.068	5273.376	-185123.500
39.349	0.000	449.034	4175.526	4930.883	-173501.200
39.718	0.000	449.034	4460.148	4533.503	-162628.900
40.080	0.000	449.034	4764.171	4216.312	-152403.500
40.438	0.000	449.034	5088.917	3872.268	-142778.100
40.763	0.000	449.034	5435.799	3615.274	-133864.900
41.046	0.000	449.034	5806.326	3339.354	-125426.700
41.318	0.000	449.035	6202.110	3094.103	-117513.200
41.597	0.000	449.035	6624.872	2847.995	-110113.500
41.845	0.000	449.035	7076.452	2642.558	-103259.400
42.171	0.000	449.035	7558.813	2468.982	-96719.200
42.462	0.000	449.034	8074.054	2274.480	-90599.520
42.762	0.000	449.034	8624.416	2115.651	-84932.980
43.023	0.000	449.034	9212.292	1984.945	-79555.620
43.387	0.000	449.034	9840.241	1839.178	-74560.840
43.680	0.000	449.034	10510.994	1708.840	-69878.730
43.926	0.000	449.034	11227.468	1575.443	-65477.150
44.208	0.000	449.035	11992.780	1484.219	-61355.720
44.472	0.000	449.035	12810.259	1373.910	-57502.390
44.723	0.000	449.035	13683.461	1281.404	-53874.610
44.978	0.000	449.035	14616.184	1191.728	-50484.750
45.301	0.000	449.035	15612.485	1104.009	-47304.220
45.574	0.000	449.035	16676.698	1028.559	-44331.290
45.858	0.000	449.035	17813.453	961.386	-41532.200
46.101	0.000	449.035	19027.694	896.497	-38920.180
46.382	0.000	449.035	20324.702	834.727	-36470.070
46.661	0.000	449.035	21710.121	774.904	-34174.380
46.905	0.000	449.035	23189.975	729.290	-32018.790
47.163	0.000	449.034	24770.702	678.972	-29999.010
47.411	0.000	449.034	26459.178	632.122	-28112.850
47.708	0.000	449.034	28262.749	593.445	-26342.690
47.998	0.000	449.034	30189.258	544.841	-24685.860
48.256	0.000	449.034	32247.086	512.577	-23121.150
48.503	0.000	449.034	34445.185	481.047	-21668.860
48.818	0.000	449.034	36793.115	453.522	-20303.160
49.064	0.000	449.034	39301.090	421.175	-19025.940
49.301	0.000	449.034	41980.020	395.388	-17823.490
49.722	0.000	449.034	44841.556	368.135	-16699.270
50.109	0.000	449.034	47898.147	346.526	-15650.150
50.517	0.000	449.034	51163.089	324.025	-14662.120
50.791	0.000	449.034	54650.583	305.909	-13742.060
51.202	0.000	449.034	58375.799	285.250	-12877.800
51.464	0.000	449.034	62354.942	256.461	-12052.650
51.898	0.000	449.034	66605.320	250.850	-11302.100
52.170	0.000	449.034	71145.421	233.401	-10589.540
52.435	0.000	449.034	75994.996	219.311	-9919.285
52.698	0.000	449.034	81175.138	204.190	-9294.413
53.019	0.000	449.034	86708.381	192.008	-8708.488
53.319	0.000	449.034	92618.793	180.764	-8160.306
53.589	0.000	449.034	98932.084	165.871	-7643.805
53.884	0.000	449.034	105675.715	171.438	-7166.358
54.153	0.000	449.034	112879.022	148.449	-6713.981
54.478	0.000	449.034	120573.336	144.001	-6288.772
54.820	0.000	449.034	128792.127	132.305	-5904.826
55.098	0.000	449.034	137571.146	126.258	-5522.494
55.530	0.000	449.034	146948.581	120.305	-5173.319
55.802	0.000	449.034	156965.221	113.441	-4847.203
56.093	0.000	449.034	167664.638	107.338	-4540.701
56.388	0.000	449.034	179093.373	100.978	-4253.926
56.746	0.000	449.034	191301.139	96.998	-3986.060
57.055	0.000	449.034	204341.039	91.473	-3734.452
57.358	0.000	449.034	218269.793	85.718	-3498.127
57.690	0.000	449.034	233147.990	79.876	-3274.828
58.029	0.000	449.034	249040.349	76.890	-3070.456
58.348	0.000	449.034	266015.998	72.729	-2876.270
58.618	0.000	449.034	284148.780	69.588	-2695.021
58.876	0.000	449.034	303517.570	66.279	-2524.132
59.280	0.000	449.034	324206.618	62.610	-2365.267
59.574	0.000	449.034	346305.920	59.745	-2215.037
59.957	0.000	449.034	369911.605	56.953	-2074.623
60.285	0.000	449.034	395126.353	54.203	-1943.404
60.580	0.000	449.035	422059.846	51.958	-1819.742
60.901	0.000	449.035	450829.241	49.279	-1704.229
61.217	0.000	449.035	481559.679	47.584	-1596.178
61.510	0.000	449.035	514384.835	45.354	-1494.603
61.825	0.000	449.035	549447.493	43.318	-1399.249
62.088	0.000	449.035	586900.171	41.408	-1310.161
62.342	0.000	449.035	626905.783	39.980	-1226.398
62.662	0.000	449.035	669638.348	38.457	-1148.027
62.961	0.000	449.035	715283.746	36.747	-1074.194
63.236	0.000	449.034	764040.529	36.640	-1005.215
63.569	0.000	449.034	816120.781	33.966	-940.452
63.927	0.000	449.034	871751.044	32.821	-879.632
64.251	0.000	449.034	931173.304	31.710	-822.494
64.514	0.000	449.034	994646.037	30.771	-768.842
64.815	0.000	449.034	1062445.341	2.504	-715.354
65.084	0.000	449.034	1134866.134	1.492	-668.160
65.526	0.000	449.034	1212223.437	1.028	-623.839
65.840	0.000	449.034	1294853.743	0.276	-582.118
66.167	0.000	449.034	1383116.481	-0.320	-542.863
66.603	0.000	449.034	1477395.584	-0.885	-505.926
67.005	0.000	449.034	1578101.150	-1.393	-471.164
67.279	0.000	449.034	1685671.237	-1.810	-438.261
67.581	0.000	449.034	1800573.758	-2.194	-407.405
67.934	0.000	449.034	1923308.524	-2.528	-378.191
68.200	0.000	449.034	2054409.414	-2.773	-350.658
68.568	0.000	449.034	2194446.698	-3.037	-324.667
68.889	0.000	449.033	2344029.518	-3.213	-300.038
69.170	0.000	449.033	2503808.540	-3.280	-276.666
69.537	0.000	449.033	2674478.780	-3.332	-254.552
69.909	0.000	449.032	2856782.629	-3.335	-233.542
70.237	0.000	449.032	3051513.084	-3.253	-213.546
70.548	0.000	449.032	3259517.196	-3.085	-194.515
70.814	0.000	449.032	3481699.752	-2.847	-176.380
71.105	0.000	449.031	3719027.216	-2.552	-159.048
71.427	0.000	449.031	3972531.929	-2.177	-142.480
71.786	0.000	449.031	4243316.602	-1.704	-126.629
72.040	0.000	449.030	4532559.110	-1.152	-111.426
72.326	0.000	449.030	4841517.618	-0.473	-96.846
72.605	0.000	449.030	5171536.051	0.289	-82.866
73.006	0.000	449.030	5524049.945	1.168	-69.450
73.324	0.000	449.030	5900592.685	2.181	-56.571
73.609	0.000	449.030	6302802.180	3.308	-44.242
74.001	0.000	449.029	6732427.985	4.561	-32.466
74.290	0.000	449.029	7191338.911	5.939	-21.266
74.567	0.000	449.029	7681531.159	7.441	-10.681
74.840	0.000	449.029	8205136.995	9.056	-0.751
75.134	0.000	449.029	8764434.032	10.775	8.450
75.480	0.000	449.030	9361855.135	12.560	16.827
75.776	0.000	449.030	9999999.000	14.379	24.285
