Time (s)	Light (A)	T (K)	f (Hz)	R (Ohm)	X (Ohm)
1.471	0.000	451.033	20.000	7854975.000	-24481810.000
2.853	0.000	451.033	21.363	8196001.000	-24666430.000
4.162	0.000	451.033	22.819	7532540.000	-23428380.000
5.383	0.000	451.033	24.375	6899260.000	-22286020.000
6.531	0.000	451.033	26.036	6251703.000	-21118670.000
7.631	0.000	451.034	27.811	5721823.000	-20061360.000
8.645	0.000	451.034	29.707	5206361.000	-19008970.000
9.597	0.000	451.034	31.732	4758492.000	-18001210.000
10.494	0.000	451.034	33.895	4291115.000	-17022040.000
11.338	0.000	451.034	36.205	3942107.000	-16087580.000
12.144	0.000	451.034	38.673	3584365.000	-15217660.000
13.086	0.000	451.034	41.309	3230463.000	-14391030.000
13.991	0.000	451.034	44.125	2899838.000	-13609390.000
14.827	0.000	451.034	47.133	2608575.000	-12821360.000
15.612	0.000	451.035	50.346	2341883.000	-12135170.000
16.366	0.000	451.035	53.777	2155638.000	-11427850.000
17.065	0.000	451.035	57.443	1975825.000	-10772600.000
17.722	0.000	451.035	61.359	1804530.000	-10158260.000
18.343	0.000	451.035	65.541	1627452.000	-9564892.000
18.949	0.000	451.036	70.009	1473970.000	-9007887.000
19.517	0.000	451.036	74.781	1333459.000	-8478991.000
20.039	0.000	451.036	79.878	1212043.000	-7981151.000
20.532	0.000	451.036	85.323	1092663.000	-7507911.000
20.999	0.000	451.036	91.139	991359.700	-7067069.000
21.440	0.000	451.036	97.352	895689.600	-6646424.000
21.858	0.000	451.036	103.987	808514.400	-6251755.000
22.272	0.000	451.035	111.076	734520.200	-5874026.000
22.661	0.000	451.035	118.647	665751.100	-5521252.000
23.030	0.000	451.035	126.735	603278.200	-5190241.000
23.373	0.000	451.035	135.373	544594.100	-4876666.000
23.712	0.000	451.035	144.601	502430.800	-4585431.000
24.050	0.000	451.034	154.458	449988.100	-4311473.000
24.360	0.000	451.034	164.986	406358.100	-4041787.000
24.664	0.000	451.034	176.232	366928.700	-3797441.000
24.992	0.000	451.034	188.245	333078.500	-3565100.000
25.285	0.000	451.034	201.077	302215.600	-3347423.000
25.578	0.000	451.034	214.783	274249.900	-3141848.000
25.874	0.000	451.034	229.423	249048.200	-2949150.000
26.132	0.000	451.034	245.062	224635.700	-2768237.000
26.460	0.000	451.034	261.766	203423.000	-2596936.000
26.747	0.000	451.034	279.609	185584.500	-2437957.000
27.028	0.000	451.034	298.669	168340.900	-2287889.000
27.310	0.000	451.033	319.027	153005.900	-2147103.000
27.602	0.000	451.033	340.773	138781.400	-2014467.000
27.860	0.000	451.033	364.002	126826.800	-1889345.000
28.163	0.000	451.033	388.814	114928.700	-1772863.000
28.395	0.000	451.033	415.317	104392.500	-1663117.000
28.659	0.000	451.033	443.627	95383.210	-1559614.000
28.872	0.000	451.033	473.866	86490.010	-1463023.000
29.099	0.000	451.033	506.167	78834.910	-1372174.000
29.314	0.000	451.033	540.670	71766.240	-1287003.000
29.580	0.000	451.033	577.524	65506.240	-1206939.000
29.777	0.000	451.033	616.890	59783.500	-1131875.000
29.976	0.000	451.033	658.940	54462.800	-1061396.000
30.167	0.000	451.033	703.857	49692.000	-995004.000
30.424	0.000	451.033	751.834	45444.730	-933184.500
30.652	0.000	451.033	803.083	41649.420	-874917.800
30.844	0.000	451.033	857.824	38038.120	-820484.200
31.092	0.000	451.033	916.297	34782.240	-769207.800
31.336	0.000	451.033	978.756	31694.470	-721232.800
31.877	0.000	451.033	1045.472	28698.020	-676616.900
32.372	0.000	451.033	1116.736	26451.640	-634436.000
32.830	0.000	451.033	1192.857	24129.830	-594615.800
33.265	0.000	451.033	1274.167	22166.820	-557563.400
33.687	0.000	451.033	1361.020	20272.680	-522683.500
34.116	0.000	451.033	1453.793	18611.350	-489957.700
34.507	0.000	451.033	1552.890	17046.130	-459254.700
34.898	0.000	451.033	1658.741	15712.640	-430450.400
35.276	0.000	451.033	1771.808	14428.160	-403432.500
35.622	0.000	451.033	1892.582	13332.770	-378175.200
35.980	0.000	451.033	2021.589	12169.550	-354455.600
36.327	0.000	451.033	2159.389	11249.570	-332281.900
36.655	0.000	451.033	2306.582	10310.440	-311395.300
36.986	0.000	451.033	2463.808	9501.671	-291857.900
37.294	0.000	451.033	2631.752	8788.414	-273556.200
37.585	0.000	451.033	2811.143	8097.753	-256358.700
37.905	0.000	451.033	3002.763	7444.332	-240285.300
38.219	0.000	451.033	3207.444	6869.649	-225182.800
38.455	0.000	451.033	3426.077	6350.894	-211045.400
38.745	0.000	451.033	3659.613	5843.951	-197763.700
39.017	0.000	451.033	3909.068	5432.395	-185315.900
39.370	0.000	451.033	4175.526	5000.339	-173709.000
39.737	0.000	451.034	4460.148	4597.088	-162818.800
40.079	0.000	451.034	4764.171	4254.081	-152600.400
40.404	0.000	451.034	5088.917	3982.871	-142994.500
40.734	0.000	451.034	5435.799	3635.136	-133999.100
41.021	0.000	451.034	5806.326	3382.656	-125564.200
41.320	0.000	451.034	6202.110	3160.443	-117718.400
41.579	0.000	451.035	6624.872	2918.625	-110277.300
41.807	0.000	451.035	7076.452	2704.926	-103333.900
42.085	0.000	451.035	7558.813	2488.334	-96850.620
42.388	0.000	451.035	8074.054	2304.815	-90770.730
42.725	0.000	451.035	8624.416	2145.172	-85070.950
43.005	0.000	451.035	9212.292	2031.252	-79710.520
43.294	0.000	451.034	9840.241	1901.802	-74653.810
43.554	0.000	451.034	10510.994	1720.372	-69985.270
43.815	0.000	451.034	11227.468	1598.420	-65569.220
44.134	0.000	451.034	11992.780	1484.388	-61443.610
44.393	0.000	451.034	12810.259	1381.398	-57582.060
44.638	0.000	451.034	13683.461	1287.958	-53952.720
44.896	0.000	451.034	14616.184	1192.114	-50555.310
45.152	0.000	451.034	15612.485	1107.748	-47371.990
45.458	0.000	451.034	16676.698	1037.036	-44387.810
45.730	0.000	451.034	17813.453	964.948	-41598.940
45.969	0.000	451.034	19027.694	900.611	-38979.530
46.249	0.000	451.034	20324.702	841.909	-36520.170
46.551	0.000	451.034	21710.121	782.851	-34218.210
46.805	0.000	451.034	23189.975	733.003	-32060.680
47.085	0.000	451.034	24770.702	686.494	-30046.140
47.344	0.000	451.034	26459.178	637.869	-28155.550
47.631	0.000	451.034	28262.749	593.386	-26376.710
47.864	0.000	451.034	30189.258	557.360	-24721.990
48.116	0.000	451.034	32247.086	519.701	-23162.340
48.352	0.000	451.034	34445.185	485.500	-21701.580
48.620	0.000	451.034	36793.115	451.600	-20334.650
48.867	0.000	451.034	39301.090	420.881	-19053.060
49.121	0.000	451.034	41980.020	395.728	-17852.290
49.511	0.000	451.034	44841.556	368.537	-16727.560
49.881	0.000	451.034	47898.147	345.742	-15674.920
50.333	0.000	451.034	51163.089	322.644	-14685.830
50.625	0.000	451.034	54650.583	301.923	-13760.070
51.020	0.000	451.034	58375.799	284.230	-12893.800
51.270	0.000	451.034	62354.942	259.059	-12089.300
51.684	0.000	451.034	66605.320	247.754	-11315.740
52.052	0.000	451.034	71145.421	232.529	-10606.270
52.326	0.000	451.034	75994.996	220.001	-9935.450
52.634	0.000	451.034	81175.138	208.815	-9312.962
53.027	0.000	451.034	86708.381	193.878	-8724.308
53.313	0.000	451.034	92618.793	181.001	-8173.563
53.588	0.000	451.034	98932.084	168.489	-7654.623
54.008	0.000	451.033	105675.715	153.952	-7177.397
54.282	0.000	451.033	112879.022	151.163	-6723.339
54.566	0.000	451.033	120573.336	141.456	-6301.586
54.955	0.000	451.033	128792.127	125.416	-5904.485
55.271	0.000	451.033	137571.146	125.796	-5529.658
55.737	0.000	451.033	146948.581	118.411	-5182.457
56.007	0.000	451.033	156965.221	112.761	-4854.640
56.250	0.000	451.033	167664.638	107.048	-4548.798
56.534	0.000	451.032	179093.373	100.477	-4261.187
56.854	0.000	451.032	191301.139	95.504	-3990.846
57.133	0.000	451.032	204341.039	90.232	-3740.074
57.441	0.000	451.032	218269.793	84.701	-3503.534
57.763	0.000	451.032	233147.990	81.897	-3281.740
58.054	0.000	451.032	249040.349	77.092	-3074.858
58.444	0.000	451.031	266015.998	73.289	-2881.225
58.741	0.000	451.031	284148.780	69.172	-2698.943
59.019	0.000	451.031	303517.570	65.828	-2528.272
59.441	0.000	451.031	324206.618	62.722	-2367.903
59.707	0.000	451.031	346305.920	59.661	-2218.208
60.020	0.000	451.031	369911.605	56.591	-2077.610
60.308	0.000	451.031	395126.353	54.120	-1945.747
60.587	0.000	451.031	422059.846	51.658	-1822.424
60.919	0.000	451.031	450829.241	49.340	-1706.837
61.266	0.000	451.031	481559.679	47.029	-1598.074
61.528	0.000	451.031	514384.835	45.146	-1496.514
61.771	0.000	451.031	549447.493	43.445	-1401.330
62.049	0.000	451.031	586900.171	41.472	-1311.891
62.294	0.000	451.031	626905.783	39.891	-1228.097
62.602	0.000	451.031	669638.348	38.197	-1149.421
62.900	0.000	451.031	715283.746	36.917	-1075.722
63.162	0.000	451.031	764040.529	35.880	-1005.577
63.463	0.000	451.031	816120.781	34.061	-941.521
63.712	0.000	451.031	871751.044	32.854	-880.742
64.009	0.000	451.031	931173.304	31.854	-823.433
64.271	0.000	451.031	994646.037	30.711	-769.870
64.580	0.000	451.031	1062445.341	2.426	-716.339
64.837	0.000	451.031	1134866.134	1.655	-669.221
65.266	0.000	451.031	1212223.437	1.018	-624.598
65.592	0.000	451.031	1294853.743	0.310	-582.850
65.947	0.000	451.030	1383116.481	-0.330	-543.582
66.389	0.000	451.030	1477395.584	-0.815	-506.577
66.836	0.000	451.030	1578101.150	-1.392	-471.675
67.114	0.000	451.030	1685671.237	-1.773	-438.874
67.408	0.000	451.030	1800573.758	-2.137	-407.980
67.763	0.000	451.030	1923308.524	-2.470	-378.727
68.046	0.000	451.030	2054409.414	-2.687	-351.202
68.361	0.000	451.030	2194446.698	-2.946	-325.091
68.660	0.000	451.030	2344029.518	-3.082	-300.442
68.939	0.000	451.030	2503808.540	-3.213	-277.065
69.215	0.000	451.030	2674478.780	-3.230	-254.912
69.599	0.000	451.029	2856782.629	-3.245	-233.879
69.911	0.000	451.029	3051513.084	-3.145	-213.849
70.179	0.000	451.029	3259517.196	-2.988	-194.791
70.437	0.000	451.029	3481699.752	-2.764	-176.623
70.800	0.000	451.029	3719027.216	-2.468	-159.296
71.085	0.000	451.029	3972531.929	-2.080	-142.717
71.372	0.000	451.029	4243316.602	-1.590	-126.834
71.709	0.000	451.029	4532559.110	-1.037	-111.633
71.998	0.000	451.029	4841517.618	-0.370	-97.047
72.243	0.000	451.029	5171536.051	0.391	-83.051
72.698	0.000	451.029	5524049.945	1.273	-69.619
72.949	0.000	451.029	5900592.685	2.278	-56.744
73.281	0.000	451.029	6302802.180	3.398	-44.403
73.638	0.000	451.029	6732427.985	4.652	-32.621
73.948	0.000	451.029	7191338.911	6.029	-21.417
74.218	0.000	451.029	7681531.159	7.524	-10.821
74.493	0.000	451.029	8205136.995	9.136	-0.886
74.784	0.000	451.029	8764434.032	10.848	8.322
75.106	0.000	451.029	9361855.135	12.629	16.710
75.410	0.000	451.030	9999999.000	14.436	24.172
