Time (s)	Light (A)	T (K)	f (Hz)	R (Ohm)	X (Ohm)
1.476	0.000	464.995	20.000	11468140.000	-24808560.000
2.859	0.000	464.995	21.363	8842304.000	-23169690.000
4.157	0.000	464.994	22.819	8150066.000	-22088920.000
5.377	0.000	464.994	24.375	7463597.000	-21060240.000
6.524	0.000	464.994	26.036	6839529.000	-20035330.000
7.602	0.000	464.994	27.811	6242930.000	-19048320.000
8.637	0.000	464.994	29.707	5685352.000	-18118520.000
9.590	0.000	464.994	31.732	5192834.000	-17195020.000
10.487	0.000	464.994	33.895	4741737.000	-16306040.000
11.351	0.000	464.994	36.205	4324681.000	-15460370.000
12.152	0.000	464.994	38.673	3917938.000	-14657900.000
13.095	0.000	464.994	41.309	3562492.000	-13883730.000
13.984	0.000	464.993	44.125	3203700.000	-13149520.000
14.819	0.000	464.993	47.133	2895030.000	-12415170.000
15.608	0.000	464.994	50.346	2588883.000	-11744960.000
16.359	0.000	464.994	53.777	2388307.000	-11098710.000
17.057	0.000	464.994	57.443	2187906.000	-10483230.000
17.715	0.000	464.994	61.359	1988731.000	-9895945.000
18.335	0.000	464.995	65.541	1788272.000	-9323979.000
18.923	0.000	464.995	70.009	1626873.000	-8795630.000
19.477	0.000	464.995	74.781	1466676.000	-8283822.000
20.014	0.000	464.995	79.878	1330327.000	-7797580.000
20.508	0.000	464.995	85.323	1203802.000	-7342587.000
20.973	0.000	464.995	91.139	1088029.000	-6914374.000
21.414	0.000	464.995	97.352	983039.900	-6507896.000
21.830	0.000	464.995	103.987	888530.000	-6124554.000
22.251	0.000	464.995	111.076	802702.500	-5761468.000
22.635	0.000	464.995	118.647	724986.600	-5417543.000
22.997	0.000	464.995	126.735	656272.500	-5092581.000
23.334	0.000	464.995	135.373	595117.100	-4785997.000
23.699	0.000	464.995	144.601	536509.600	-4492923.000
24.033	0.000	464.995	154.458	490215.200	-4222396.000
24.341	0.000	464.995	164.986	438827.100	-3974047.000
24.631	0.000	464.995	176.232	397737.500	-3733223.000
24.944	0.000	464.995	188.245	360834.900	-3505915.000
25.248	0.000	464.995	201.077	325639.100	-3291530.000
25.542	0.000	464.995	214.783	295068.100	-3091170.000
25.840	0.000	464.995	229.423	267820.800	-2901916.000
26.139	0.000	464.995	245.062	243618.300	-2723215.000
26.426	0.000	464.995	261.766	220111.800	-2556727.000
26.733	0.000	464.995	279.609	198407.900	-2400022.000
27.023	0.000	464.995	298.669	179837.800	-2252707.000
27.329	0.000	464.995	319.027	163365.700	-2113799.000
27.627	0.000	464.995	340.773	148143.400	-1983876.000
27.891	0.000	464.995	364.002	134049.900	-1861666.000
28.144	0.000	464.995	388.814	121708.600	-1746450.000
28.404	0.000	464.995	415.317	110427.300	-1638974.000
28.614	0.000	464.995	443.627	100217.200	-1537095.000
28.856	0.000	464.995	473.866	91080.820	-1442180.000
29.081	0.000	464.995	506.167	82988.600	-1352321.000
29.342	0.000	464.995	540.670	75300.060	-1268633.000
29.543	0.000	464.995	577.524	68597.610	-1189757.000
29.810	0.000	464.995	616.890	62663.920	-1115543.000
30.040	0.000	464.995	658.940	56853.240	-1046454.000
30.234	0.000	464.995	703.857	51980.310	-981220.900
30.450	0.000	464.995	751.834	47246.330	-919960.200
30.718	0.000	464.995	803.083	43123.260	-862472.500
30.913	0.000	464.995	857.824	39278.920	-808977.300
31.156	0.000	464.995	916.297	35828.360	-758604.000
31.354	0.000	464.995	978.756	32650.280	-711217.700
31.894	0.000	464.996	1045.472	29750.350	-667065.800
32.398	0.000	464.996	1116.736	27075.720	-625471.300
32.857	0.000	464.996	1192.857	24723.500	-586535.900
33.292	0.000	464.996	1274.167	22647.070	-549857.900
33.720	0.000	464.996	1361.020	20658.490	-515375.400
34.125	0.000	464.997	1453.793	18936.990	-483137.800
34.526	0.000	464.997	1552.890	17376.970	-452846.000
34.908	0.000	464.997	1658.741	15948.930	-424467.500
35.257	0.000	464.997	1771.808	14626.850	-397899.100
35.632	0.000	464.997	1892.582	13377.210	-372963.000
35.990	0.000	464.997	2021.589	12228.120	-349520.400
36.341	0.000	464.997	2159.389	11224.790	-327655.900
36.667	0.000	464.998	2306.582	10326.010	-307077.700
36.990	0.000	464.998	2463.808	9461.900	-287807.000
37.318	0.000	464.998	2631.752	8730.677	-269779.700
37.630	0.000	464.998	2811.143	8054.046	-252863.200
37.937	0.000	464.998	3002.763	7420.552	-236916.800
38.212	0.000	464.998	3207.444	6830.022	-222059.100
38.497	0.000	464.998	3426.077	6284.657	-208127.200
38.749	0.000	464.998	3659.613	5743.268	-195033.800
39.000	0.000	464.998	3909.068	5340.246	-182782.600
39.338	0.000	464.998	4175.526	4916.275	-171312.100
39.672	0.000	464.998	4460.148	4529.057	-160526.400
40.008	0.000	464.998	4764.171	4171.056	-150451.500
40.360	0.000	464.998	5088.917	3841.094	-141005.400
40.686	0.000	464.998	5435.799	3553.385	-132133.600
40.960	0.000	464.998	5806.326	3289.203	-123796.600
41.222	0.000	464.998	6202.110	3032.403	-116028.800
41.502	0.000	464.998	6624.872	2796.798	-108719.700
41.794	0.000	464.998	7076.452	2595.083	-101882.000
42.039	0.000	464.998	7558.813	2420.903	-95482.090
42.356	0.000	464.998	8074.054	2190.594	-89458.170
42.626	0.000	464.998	8624.416	2058.160	-83845.960
42.916	0.000	464.998	9212.292	1896.181	-78530.890
43.185	0.000	464.998	9840.241	1757.273	-73598.720
43.492	0.000	464.998	10510.994	1646.186	-68961.770
43.749	0.000	464.998	11227.468	1520.461	-64619.190
44.009	0.000	464.998	11992.780	1422.474	-60543.810
44.327	0.000	464.998	12810.259	1316.965	-56733.680
44.597	0.000	464.998	13683.461	1214.644	-53167.770
44.891	0.000	464.998	14616.184	1133.434	-49817.130
45.137	0.000	464.998	15612.485	1050.176	-46666.960
45.433	0.000	464.998	16676.698	971.949	-43729.370
45.718	0.000	464.998	17813.453	915.009	-40974.110
45.975	0.000	464.998	19027.694	849.589	-38395.810
46.242	0.000	464.998	20324.702	788.277	-35970.720
46.501	0.000	464.998	21710.121	735.616	-33706.180
46.757	0.000	464.998	23189.975	687.119	-31574.640
47.054	0.000	464.998	24770.702	639.700	-29588.970
47.304	0.000	464.998	26459.178	591.395	-27728.970
47.565	0.000	464.997	28262.749	549.648	-25977.840
47.840	0.000	464.997	30189.258	514.956	-24348.060
48.076	0.000	464.997	32247.086	477.450	-22797.980
48.360	0.000	464.997	34445.185	447.064	-21365.650
48.640	0.000	464.997	36793.115	421.226	-20021.690
48.917	0.000	464.997	39301.090	387.118	-18754.230
49.166	0.000	464.997	41980.020	365.453	-17575.280
49.543	0.000	464.997	44841.556	338.483	-16466.430
49.945	0.000	464.997	47898.147	318.090	-15427.960
50.380	0.000	464.997	51163.089	297.193	-14457.290
50.713	0.000	464.997	54650.583	274.608	-13541.970
51.107	0.000	464.997	58375.799	259.149	-12686.650
51.393	0.000	464.997	62354.942	253.509	-11893.710
51.845	0.000	464.997	66605.320	225.568	-11135.870
52.116	0.000	464.997	71145.421	211.861	-10433.950
52.378	0.000	464.997	75994.996	200.363	-9774.732
52.674	0.000	464.997	81175.138	184.350	-9157.892
52.992	0.000	464.996	86708.381	174.983	-8578.487
53.270	0.000	464.996	92618.793	162.106	-8041.176
53.511	0.000	464.996	98932.084	154.877	-7532.005
53.791	0.000	464.996	105675.715	140.266	-7049.606
54.071	0.000	464.995	112879.022	137.875	-6614.541
54.352	0.000	464.995	120573.336	128.865	-6196.551
54.673	0.000	464.995	128792.127	122.293	-5807.145
54.961	0.000	464.995	137571.146	112.566	-5436.730
55.322	0.000	464.995	146948.581	106.593	-5093.111
55.627	0.000	464.995	156965.221	100.102	-4769.786
55.947	0.000	464.995	167664.638	96.975	-4470.368
56.181	0.000	464.995	179093.373	90.510	-4186.177
56.508	0.000	464.995	191301.139	86.360	-3921.266
56.784	0.000	464.995	204341.039	81.344	-3673.896
57.027	0.000	464.995	218269.793	76.977	-3441.407
57.309	0.000	464.995	233147.990	73.053	-3219.869
57.605	0.000	464.995	249040.349	69.120	-3019.321
57.994	0.000	464.995	266015.998	65.873	-2828.373
58.290	0.000	464.995	284148.780	63.062	-2649.451
58.540	0.000	464.995	303517.570	59.235	-2482.231
58.962	0.000	464.995	324206.618	56.934	-2324.509
59.276	0.000	464.995	346305.920	54.011	-2176.815
59.617	0.000	464.995	369911.605	51.845	-2038.265
59.896	0.000	464.995	395126.353	49.479	-1909.064
60.225	0.000	464.995	422059.846	47.090	-1787.811
60.541	0.000	464.995	450829.241	45.494	-1674.370
60.835	0.000	464.995	481559.679	43.394	-1567.694
61.130	0.000	464.995	514384.835	41.760	-1468.165
61.383	0.000	464.995	549447.493	40.208	-1374.568
61.676	0.000	464.995	586900.171	38.428	-1286.244
61.939	0.000	464.995	626905.783	36.946	-1204.317
62.226	0.000	464.995	669638.348	35.585	-1127.047
62.507	0.000	464.995	715283.746	34.191	-1054.571
62.836	0.000	464.995	764040.529	32.702	-985.344
63.137	0.000	464.995	816120.781	31.819	-922.873
63.422	0.000	464.995	871751.044	30.674	-863.001
63.705	0.000	464.995	931173.304	29.800	-807.119
63.990	0.000	464.995	994646.037	28.881	-754.241
64.327	0.000	464.995	1062445.341	1.368	-701.811
64.620	0.000	464.995	1134866.134	0.647	-655.280
65.059	0.000	464.995	1212223.437	-0.096	-611.831
65.353	0.000	464.995	1294853.743	-0.640	-570.726
65.661	0.000	464.995	1383116.481	-1.088	-532.082
66.069	0.000	464.994	1477395.584	-1.543	-495.837
66.504	0.000	464.994	1578101.150	-1.992	-461.625
66.821	0.000	464.994	1685671.237	-2.244	-429.544
67.138	0.000	464.994	1800573.758	-2.638	-399.031
67.478	0.000	464.994	1923308.524	-2.849	-370.367
67.786	0.000	464.995	2054409.414	-3.115	-343.254
68.092	0.000	464.995	2194446.698	-3.233	-317.635
68.396	0.000	464.995	2344029.518	-3.315	-293.477
68.674	0.000	464.995	2503808.540	-3.349	-270.539
68.925	0.000	464.995	2674478.780	-3.301	-248.817
69.323	0.000	464.995	2856782.629	-3.241	-228.172
69.647	0.000	464.995	3051513.084	-3.180	-208.518
69.895	0.000	464.995	3259517.196	-2.939	-189.886
70.175	0.000	464.995	3481699.752	-2.720	-171.949
70.495	0.000	464.995	3719027.216	-2.344	-154.952
70.812	0.000	464.995	3972531.929	-1.896	-138.664
71.147	0.000	464.995	4243316.602	-1.388	-123.094
71.472	0.000	464.995	4532559.110	-0.828	-108.157
71.774	0.000	464.995	4841517.618	-0.109	-93.828
72.053	0.000	464.995	5171536.051	0.685	-80.081
72.466	0.000	464.995	5524049.945	1.586	-66.892
72.762	0.000	464.995	5900592.685	2.618	-54.248
73.075	0.000	464.995	6302802.180	3.753	-42.136
73.376	0.000	464.996	6732427.985	5.013	-30.567
73.668	0.000	464.996	7191338.911	6.393	-19.569
73.930	0.000	464.996	7681531.159	7.888	-9.174
74.219	0.000	464.996	8205136.995	9.498	0.573
74.523	0.000	464.996	8764434.032	11.200	9.602
74.815	0.000	464.996	9361855.135	12.966	17.817
75.155	0.000	464.997	9999999.000	14.755	25.123
