Time (s)	Light (A)	T (K)	f (Hz)	R (Ohm)	X (Ohm)
1.475	0.000	310.084	20.000	5605975.000	-79851190.000
2.879	0.000	310.085	21.363	2438253.000	-65174600.000
4.180	0.000	310.085	22.819	2194814.000	-61005370.000
5.401	0.000	310.086	24.375	1954524.000	-57041940.000
6.548	0.000	310.085	26.036	1710140.000	-53579000.000
7.628	0.000	310.085	27.811	1600279.000	-50190030.000
8.643	0.000	310.085	29.707	1468643.000	-47054700.000
9.594	0.000	310.085	31.732	1365072.000	-43906490.000
10.492	0.000	310.085	33.895	1331160.000	-41166450.000
11.340	0.000	310.085	36.205	1164329.000	-38809730.000
12.139	0.000	310.086	38.673	1238397.000	-36252160.000
13.081	0.000	310.086	41.309	977571.800	-33881290.000
13.973	0.000	310.086	44.125	793506.300	-31787780.000
14.811	0.000	310.086	47.133	592206.100	-29711450.000
15.600	0.000	310.087	50.346	387617.600	-27894800.000
16.341	0.000	310.087	53.777	520595.000	-26124480.000
17.059	0.000	310.088	57.443	595679.300	-24534320.000
17.718	0.000	310.088	61.359	592437.000	-23017270.000
18.338	0.000	310.088	65.541	609885.000	-21542740.000
18.923	0.000	310.088	70.009	543322.600	-20197800.000
19.474	0.000	310.088	74.781	503940.700	-18935850.000
19.996	0.000	310.088	79.878	471646.800	-17721550.000
20.523	0.000	310.088	85.323	439219.900	-16620870.000
21.022	0.000	310.088	91.139	410706.900	-15580590.000
21.479	0.000	310.088	97.352	374423.200	-14600470.000
21.952	0.000	310.088	103.987	366949.700	-13673180.000
22.394	0.000	310.088	111.076	323843.700	-12823230.000
22.780	0.000	310.088	118.647	309795.800	-12013260.000
23.244	0.000	310.088	126.735	281921.300	-11256030.000
23.617	0.000	310.087	135.373	273356.600	-10546790.000
24.022	0.000	310.087	144.601	261245.900	-9902703.000
24.378	0.000	310.087	154.458	253338.600	-9257757.000
24.756	0.000	310.087	164.986	219240.500	-8678693.000
25.079	0.000	310.087	176.232	204891.600	-8132263.000
25.372	0.000	310.087	188.245	191274.500	-7622288.000
25.718	0.000	310.087	201.077	177378.900	-7139170.000
26.036	0.000	310.087	214.783	168781.700	-6692246.000
26.288	0.000	310.087	229.423	154287.600	-6270621.000
26.539	0.000	310.087	245.062	140677.400	-5875736.000
26.834	0.000	310.087	261.766	133750.500	-5504423.000
27.116	0.000	310.087	279.609	126384.300	-5159527.000
27.404	0.000	310.087	298.669	119421.400	-4832854.000
27.692	0.000	310.087	319.027	111054.300	-4530275.000
27.977	0.000	310.087	340.773	103353.500	-4244189.000
28.236	0.000	310.087	364.002	96400.390	-3977533.000
28.515	0.000	310.087	388.814	90115.240	-3727349.000
28.831	0.000	310.087	415.317	85489.620	-3493162.000
29.136	0.000	310.087	443.627	79954.490	-3271912.000
29.383	0.000	310.087	473.866	74468.580	-3067128.000
29.681	0.000	310.087	506.167	69247.180	-2873301.000
29.939	0.000	310.087	540.670	66074.060	-2693300.000
30.231	0.000	310.087	577.524	61203.190	-2524821.000
30.441	0.000	310.087	616.890	57886.650	-2364047.000
30.638	0.000	310.087	658.940	54481.010	-2216230.000
30.888	0.000	310.087	703.857	50276.200	-2077044.000
31.097	0.000	310.087	751.834	47130.220	-1946381.000
31.347	0.000	310.087	803.083	43397.430	-1823743.000
31.544	0.000	310.087	857.824	41769.360	-1708890.000
31.738	0.000	310.087	916.297	38914.870	-1601253.000
31.938	0.000	310.087	978.756	36897.060	-1500572.000
32.466	0.000	310.087	1045.472	34047.830	-1406594.000
33.022	0.000	310.086	1116.736	31861.100	-1318658.000
33.513	0.000	310.086	1192.857	29904.740	-1235839.000
33.998	0.000	310.086	1274.167	27951.530	-1157749.000
34.423	0.000	310.086	1361.020	26414.640	-1085280.000
34.871	0.000	310.086	1453.793	24724.410	-1016982.000
35.289	0.000	310.085	1552.890	23474.530	-953158.600
35.684	0.000	310.085	1658.741	21877.940	-893040.300
36.052	0.000	310.085	1771.808	20514.590	-836823.100
36.410	0.000	310.085	1892.582	19383.360	-784221.200
36.751	0.000	310.085	2021.589	18177.770	-735059.800
37.133	0.000	310.085	2159.389	16960.750	-688856.300
37.456	0.000	310.084	2306.582	16010.880	-645349.100
37.804	0.000	310.084	2463.808	15035.900	-604881.700
38.072	0.000	310.084	2631.752	14194.510	-566907.800
38.419	0.000	310.084	2811.143	13325.590	-531125.800
38.699	0.000	310.084	3002.763	12520.500	-497728.700
39.012	0.000	310.083	3207.444	11831.120	-466496.300
39.361	0.000	310.083	3426.077	11070.890	-437133.900
39.698	0.000	310.083	3659.613	10420.290	-409718.100
39.983	0.000	310.082	3909.068	9776.913	-383995.700
40.327	0.000	310.082	4175.526	9166.621	-359856.500
40.654	0.000	310.082	4460.148	8661.360	-337222.400
41.016	0.000	310.082	4764.171	8092.272	-316038.300
41.347	0.000	310.082	5088.917	7644.826	-296204.200
41.676	0.000	310.082	5435.799	7180.394	-277605.600
41.959	0.000	310.082	5806.326	6745.145	-260127.400
42.277	0.000	310.081	6202.110	6366.032	-243824.900
42.598	0.000	310.081	6624.872	6028.706	-228440.500
42.861	0.000	310.081	7076.452	5698.360	-214062.300
43.110	0.000	310.081	7558.813	5323.198	-200666.400
43.390	0.000	310.081	8074.054	4942.763	-188086.000
43.691	0.000	310.081	8624.416	4770.442	-176193.900
43.960	0.000	310.081	9212.292	4399.671	-165220.400
44.243	0.000	310.081	9840.241	4121.006	-154818.400
44.519	0.000	310.081	10510.994	3936.690	-145103.600
44.791	0.000	310.080	11227.468	3701.880	-135977.200
45.087	0.000	310.080	11992.780	3470.270	-127458.300
45.414	0.000	310.080	12810.259	3280.108	-119459.000
45.665	0.000	310.080	13683.461	3140.101	-111957.300
45.964	0.000	310.080	14616.184	2939.909	-104932.000
46.197	0.000	310.080	15612.485	2767.621	-98337.630
46.519	0.000	310.079	16676.698	2620.279	-92183.790
46.779	0.000	310.080	17813.453	2468.153	-86415.600
47.052	0.000	310.080	19027.694	2320.465	-80985.220
47.326	0.000	310.080	20324.702	2174.916	-75912.260
47.606	0.000	310.080	21710.121	2066.541	-71143.580
47.857	0.000	310.080	23189.975	1961.947	-66700.580
48.143	0.000	310.080	24770.702	1850.414	-62514.380
48.427	0.000	310.080	26459.178	1737.186	-58600.720
48.821	0.000	310.080	28262.749	1628.684	-54920.560
49.097	0.000	310.080	30189.258	1564.607	-51483.250
49.320	0.000	310.080	32247.086	1462.299	-48259.880
49.658	0.000	310.080	34445.185	1368.923	-45219.150
49.977	0.000	310.080	36793.115	1306.530	-42402.260
50.191	0.000	310.080	39301.090	1211.610	-39739.860
50.493	0.000	310.081	41980.020	1150.848	-37245.860
50.887	0.000	310.081	44841.556	1107.922	-34928.610
51.314	0.000	310.081	47898.147	1023.953	-32731.660
51.780	0.000	310.081	51163.089	950.955	-30672.850
52.117	0.000	310.081	54650.583	909.782	-28769.050
52.554	0.000	310.081	58375.799	856.822	-26978.480
52.925	0.000	310.081	62354.942	788.218	-25263.450
53.384	0.000	310.081	66605.320	759.842	-23688.460
53.673	0.000	310.081	71145.421	722.244	-22202.870
54.000	0.000	310.081	75994.996	677.248	-20817.520
54.305	0.000	310.081	81175.138	639.689	-19511.330
54.595	0.000	310.081	86708.381	600.150	-18290.000
54.916	0.000	310.081	92618.793	570.817	-17147.550
55.197	0.000	310.081	98932.084	529.269	-16072.460
55.523	0.000	310.080	105675.715	505.691	-15097.500
55.853	0.000	310.080	112879.022	476.508	-14129.080
56.139	0.000	310.080	120573.336	431.939	-13241.320
56.533	0.000	310.080	128792.127	411.534	-12423.880
56.860	0.000	310.080	137571.146	399.596	-11642.750
57.249	0.000	310.080	146948.581	377.512	-10913.310
57.543	0.000	310.079	156965.221	344.986	-10228.790
57.843	0.000	310.079	167664.638	337.276	-9571.486
58.155	0.000	310.079	179093.373	361.503	-8969.798
58.544	0.000	310.079	191301.139	303.147	-8442.863
58.825	0.000	310.079	204341.039	290.375	-7897.407
59.135	0.000	310.079	218269.793	271.434	-7419.064
59.453	0.000	310.079	233147.990	254.934	-6953.214
59.761	0.000	310.079	249040.349	236.458	-6512.859
60.061	0.000	310.078	266015.998	225.696	-6103.263
60.322	0.000	310.078	284148.780	215.083	-5719.515
60.652	0.000	310.078	303517.570	200.445	-5358.200
61.118	0.000	310.078	324206.618	190.212	-5025.223
61.451	0.000	310.078	346305.920	182.073	-4709.169
61.756	0.000	310.078	369911.605	170.544	-4410.869
62.029	0.000	310.078	395126.353	165.329	-4132.566
62.346	0.000	310.078	422059.846	157.493	-3871.107
62.656	0.000	310.078	450829.241	148.733	-3628.845
62.981	0.000	310.078	481559.679	148.395	-3390.616
63.271	0.000	310.078	514384.835	144.946	-3180.878
63.521	0.000	310.079	549447.493	175.702	-2959.325
63.828	0.000	310.079	586900.171	128.396	-2827.855
64.191	0.000	310.079	626905.783	120.392	-2640.897
64.571	0.000	310.079	669638.348	111.956	-2467.801
64.874	0.000	310.079	715283.746	108.734	-2315.425
65.155	0.000	310.079	764040.529	100.484	-2158.916
65.541	0.000	310.078	816120.781	97.619	-2027.696
65.807	0.000	310.079	871751.044	91.421	-1898.077
66.115	0.000	310.079	931173.304	86.760	-1775.693
66.391	0.000	310.079	994646.037	88.642	-1664.694
66.653	0.000	310.079	1062445.341	-2.085	-1549.723
66.943	0.000	310.079	1134866.134	3.481	-1449.911
67.344	0.000	310.079	1212223.437	2.914	-1356.875
67.708	0.000	310.079	1294853.743	-6.086	-1266.465
68.060	0.000	310.079	1383116.481	-12.123	-1188.384
68.491	0.000	310.079	1477395.584	-13.787	-1108.120
68.897	0.000	310.079	1578101.150	-15.527	-1037.155
69.189	0.000	310.079	1685671.237	-18.897	-968.290
69.446	0.000	310.079	1800573.758	-20.373	-903.687
69.811	0.000	310.079	1923308.524	-23.013	-841.615
70.096	0.000	310.079	2054409.414	-24.093	-784.037
70.419	0.000	310.079	2194446.698	-24.031	-729.436
70.695	0.000	310.079	2344029.518	-26.875	-679.035
70.974	0.000	310.080	2503808.540	-27.682	-630.265
71.276	0.000	310.080	2674478.780	-28.012	-584.105
71.722	0.000	310.080	2856782.629	-29.115	-541.289
72.107	0.000	310.080	3051513.084	-29.229	-499.692
72.365	0.000	310.081	3259517.196	-29.756	-461.359
72.708	0.000	310.081	3481699.752	-29.857	-424.649
73.001	0.000	310.081	3719027.216	-29.976	-389.497
73.287	0.000	310.081	3972531.929	-29.340	-356.060
73.631	0.000	310.082	4243316.602	-28.453	-323.855
73.898	0.000	310.082	4532559.110	-27.531	-295.315
74.199	0.000	310.082	4841517.618	-26.887	-266.861
74.528	0.000	310.082	5171536.051	-26.069	-239.111
74.969	0.000	310.082	5524049.945	-24.766	-213.156
75.356	0.000	310.082	5900592.685	-22.937	-187.905
75.619	0.000	310.083	6302802.180	-21.018	-164.940
75.908	0.000	310.083	6732427.985	-19.141	-142.031
76.188	0.000	310.083	7191338.911	-16.587	-120.448
76.469	0.000	310.083	7681531.159	-13.723	-100.076
76.788	0.000	310.083	8205136.995	-10.494	-80.770
77.074	0.000	310.084	8764434.032	-6.921	-62.863
77.377	0.000	310.084	9361855.135	-3.099	-46.348
77.704	0.000	310.084	9999999.000	0.791	-31.276
