Time (s)	Light (A)	T (K)	f (Hz)	R (Ohm)	X (Ohm)
1.490	0.000	322.054	20.000	-4402329.000	-62763360.000
2.889	0.000	322.055	21.363	2154866.000	-62798280.000
4.187	0.000	322.055	22.819	1999967.000	-58895310.000
5.409	0.000	322.056	24.375	1913941.000	-55059640.000
6.556	0.000	322.056	26.036	1798863.000	-51643660.000
7.635	0.000	322.057	27.811	1589471.000	-48369060.000
8.684	0.000	322.057	29.707	1432351.000	-45369360.000
9.646	0.000	322.057	31.732	1416774.000	-42523520.000
10.544	0.000	322.058	33.895	1195638.000	-39735640.000
11.389	0.000	322.057	36.205	1172105.000	-37307600.000
12.189	0.000	322.057	38.673	1057797.000	-34858530.000
13.132	0.000	322.057	41.309	894314.400	-32724160.000
14.019	0.000	322.057	44.125	660361.800	-30698310.000
14.855	0.000	322.058	47.133	564324.200	-28610200.000
15.643	0.000	322.058	50.346	405897.900	-27007640.000
16.386	0.000	322.058	53.777	536498.000	-25181260.000
17.084	0.000	322.057	57.443	585069.800	-23625350.000
17.802	0.000	322.057	61.359	602852.300	-22188750.000
18.421	0.000	322.057	65.541	540453.100	-20774340.000
19.006	0.000	322.057	70.009	504752.800	-19502100.000
19.560	0.000	322.057	74.781	465920.500	-18272960.000
20.080	0.000	322.057	79.878	446793.700	-17104370.000
20.588	0.000	322.057	85.323	410039.000	-16060640.000
21.089	0.000	322.057	91.139	389518.600	-15020370.000
21.584	0.000	322.058	97.352	350164.400	-14092540.000
22.046	0.000	322.058	103.987	322977.700	-13209130.000
22.484	0.000	322.058	111.076	309365.900	-12373150.000
22.979	0.000	322.058	118.647	293427.200	-11595220.000
23.396	0.000	322.058	126.735	269712.300	-10856970.000
23.767	0.000	322.058	135.373	245953.100	-10181440.000
24.173	0.000	322.058	144.601	224579.300	-9524139.000
24.495	0.000	322.058	154.458	197243.000	-8942317.000
24.890	0.000	322.058	164.986	201295.200	-8372442.000
25.233	0.000	322.058	176.232	193401.500	-7848403.000
25.533	0.000	322.058	188.245	177016.900	-7351833.000
25.930	0.000	322.058	201.077	168101.300	-6893747.000
26.198	0.000	322.058	214.783	154405.900	-6456448.000
26.470	0.000	322.058	229.423	143859.600	-6052508.000
26.779	0.000	322.058	245.062	138106.100	-5667678.000
27.065	0.000	322.058	261.766	123816.400	-5309359.000
27.428	0.000	322.059	279.609	117836.400	-4977520.000
27.689	0.000	322.059	298.669	110686.100	-4664581.000
27.958	0.000	322.059	319.027	102239.300	-4371220.000
28.222	0.000	322.059	340.773	96489.000	-4095998.000
28.491	0.000	322.059	364.002	90680.820	-3838450.000
28.744	0.000	322.060	388.814	83782.020	-3595513.000
29.005	0.000	322.060	415.317	77934.270	-3368967.000
29.279	0.000	322.060	443.627	73211.410	-3157318.000
29.572	0.000	322.060	473.866	67983.530	-2957082.000
29.870	0.000	322.060	506.167	64231.320	-2771442.000
30.146	0.000	322.060	540.670	60081.450	-2597249.000
30.411	0.000	322.060	577.524	56033.110	-2434211.000
30.700	0.000	322.060	616.890	52113.300	-2280672.000
30.969	0.000	322.060	658.940	48934.050	-2136947.000
31.180	0.000	322.060	703.857	45804.830	-2001906.000
31.378	0.000	322.060	751.834	43412.670	-1876886.000
31.625	0.000	322.060	803.083	40613.520	-1758019.000
31.837	0.000	322.060	857.824	38386.000	-1647966.000
32.144	0.000	322.060	916.297	36073.310	-1544262.000
32.316	0.000	322.060	978.756	33470.700	-1446711.000
32.926	0.000	322.060	1045.472	31633.110	-1356002.000
33.468	0.000	322.060	1116.736	29788.580	-1270877.000
34.015	0.000	322.060	1192.857	27635.000	-1190573.000
34.488	0.000	322.060	1274.167	25892.420	-1115889.000
34.938	0.000	322.060	1361.020	24539.990	-1045837.000
35.390	0.000	322.060	1453.793	22847.280	-980119.800
35.797	0.000	322.060	1552.890	21601.610	-918215.100
36.178	0.000	322.060	1658.741	20281.240	-860436.100
36.544	0.000	322.060	1771.808	19125.970	-806317.500
36.910	0.000	322.060	1892.582	17874.370	-755696.900
37.258	0.000	322.060	2021.589	16715.320	-708040.000
37.611	0.000	322.060	2159.389	15761.190	-663517.100
37.986	0.000	322.060	2306.582	14769.260	-621777.100
38.303	0.000	322.060	2463.808	13816.580	-582656.000
38.653	0.000	322.060	2631.752	12955.370	-546032.800
38.915	0.000	322.060	2811.143	12264.420	-511656.700
39.263	0.000	322.060	3002.763	11541.960	-479406.800
39.597	0.000	322.060	3207.444	10853.250	-449307.100
39.920	0.000	322.059	3426.077	10169.730	-421028.800
40.231	0.000	322.059	3659.613	9633.415	-394610.100
40.487	0.000	322.059	3909.068	9098.690	-369813.000
40.846	0.000	322.059	4175.526	8506.782	-346531.800
41.176	0.000	322.059	4460.148	8055.945	-324827.900
41.505	0.000	322.059	4764.171	7507.424	-304386.100
41.870	0.000	322.059	5088.917	7089.394	-285221.300
42.138	0.000	322.059	5435.799	6733.641	-267253.700
42.444	0.000	322.059	5806.326	6221.463	-250532.700
42.780	0.000	322.059	6202.110	5922.841	-234728.000
43.054	0.000	322.058	6624.872	5538.540	-220003.200
43.296	0.000	322.058	7076.452	5277.829	-206151.000
43.537	0.000	322.058	7558.813	4916.092	-193170.400
43.851	0.000	322.058	8074.054	4611.025	-181081.700
44.134	0.000	322.058	8624.416	4300.519	-169694.400
44.448	0.000	322.058	9212.292	4124.241	-158979.900
44.706	0.000	322.058	9840.241	3800.264	-149026.200
44.961	0.000	322.058	10510.994	3668.937	-139620.300
45.243	0.000	322.058	11227.468	3425.588	-130893.700
45.509	0.000	322.058	11992.780	3232.999	-122663.600
45.760	0.000	322.058	12810.259	3054.414	-114981.900
46.046	0.000	322.058	13683.461	2891.539	-107767.100
46.356	0.000	322.058	14616.184	2717.235	-100987.900
46.661	0.000	322.058	15612.485	2570.549	-94655.420
46.922	0.000	322.058	16676.698	2405.963	-88707.770
47.194	0.000	322.058	17813.453	2292.076	-83160.770
47.475	0.000	322.058	19027.694	2168.496	-77928.170
47.747	0.000	322.058	20324.702	2035.350	-73033.360
47.993	0.000	322.058	21710.121	1925.060	-68454.810
48.273	0.000	322.058	23189.975	1807.178	-64163.450
48.556	0.000	322.058	24770.702	1708.500	-60134.720
48.853	0.000	322.058	26459.178	1605.850	-56365.650
49.116	0.000	322.058	28262.749	1518.084	-52833.880
49.394	0.000	322.058	30189.258	1420.555	-49504.300
49.751	0.000	322.058	32247.086	1344.527	-46407.300
50.042	0.000	322.057	34445.185	1269.257	-43498.570
50.280	0.000	322.057	36793.115	1195.172	-40765.490
50.588	0.000	322.057	39301.090	1131.690	-38215.470
50.868	0.000	322.058	41980.020	1064.198	-35824.670
51.296	0.000	322.058	44841.556	999.613	-33568.450
51.629	0.000	322.058	47898.147	953.298	-31472.130
52.056	0.000	322.058	51163.089	891.513	-29494.360
52.342	0.000	322.058	54650.583	844.842	-27660.550
52.719	0.000	322.057	58375.799	800.620	-25917.950
53.049	0.000	322.057	62354.942	762.791	-24315.100
53.491	0.000	322.057	66605.320	717.990	-22773.020
53.809	0.000	322.057	71145.421	672.730	-21343.120
54.076	0.000	322.057	75994.996	626.394	-20012.600
54.369	0.000	322.057	81175.138	586.568	-18762.350
54.670	0.000	322.056	86708.381	561.059	-17577.090
54.988	0.000	322.056	92618.793	519.434	-16487.100
55.237	0.000	322.056	98932.084	500.344	-15454.870
55.537	0.000	322.055	105675.715	470.528	-14475.300
55.878	0.000	322.055	112879.022	433.276	-13579.170
56.199	0.000	322.055	120573.336	425.833	-12741.630
56.569	0.000	322.055	128792.127	386.297	-11948.370
56.867	0.000	322.055	137571.146	368.662	-11197.440
57.235	0.000	322.054	146948.581	349.726	-10481.300
57.550	0.000	322.054	156965.221	333.773	-9818.855
57.842	0.000	322.054	167664.638	317.726	-9193.675
58.164	0.000	322.054	179093.373	343.302	-8636.389
58.478	0.000	322.054	191301.139	288.302	-8107.790
58.776	0.000	322.054	204341.039	267.825	-7594.071
59.063	0.000	322.054	218269.793	251.014	-7121.052
59.389	0.000	322.054	233147.990	217.754	-6674.970
59.652	0.000	322.054	249040.349	221.233	-6255.480
59.987	0.000	322.054	266015.998	208.306	-5859.890
60.236	0.000	322.054	284148.780	200.278	-5493.409
60.560	0.000	322.054	303517.570	188.689	-5146.580
60.969	0.000	322.054	324206.618	178.575	-4827.021
61.261	0.000	322.054	346305.920	167.898	-4522.143
61.645	0.000	322.053	369911.605	159.529	-4235.533
61.897	0.000	322.053	395126.353	154.288	-3969.794
62.202	0.000	322.053	422059.846	146.866	-3714.822
62.570	0.000	322.053	450829.241	137.744	-3482.401
62.909	0.000	322.053	481559.679	142.368	-3260.879
63.147	0.000	322.053	514384.835	132.942	-3055.912
63.491	0.000	322.053	549447.493	167.528	-2854.167
63.739	0.000	322.053	586900.171	117.752	-2710.443
64.050	0.000	322.053	626905.783	110.188	-2534.322
64.363	0.000	322.053	669638.348	105.331	-2367.060
64.618	0.000	322.053	715283.746	98.415	-2220.988
64.947	0.000	322.052	764040.529	94.245	-2072.424
65.297	0.000	322.052	816120.781	90.610	-1944.090
65.560	0.000	322.052	871751.044	87.152	-1821.310
65.892	0.000	322.052	931173.304	82.810	-1701.993
66.201	0.000	322.053	994646.037	80.570	-1596.451
66.461	0.000	322.053	1062445.341	-3.202	-1484.417
66.828	0.000	322.052	1134866.134	-0.431	-1390.180
67.252	0.000	322.052	1212223.437	0.156	-1302.296
67.613	0.000	322.052	1294853.743	-3.966	-1215.359
68.073	0.000	322.052	1383116.481	-11.435	-1139.226
68.518	0.000	322.052	1477395.584	-12.682	-1061.841
68.936	0.000	322.052	1578101.150	-15.985	-994.158
69.186	0.000	322.052	1685671.237	-18.531	-927.396
69.548	0.000	322.052	1800573.758	-20.188	-865.574
69.936	0.000	322.051	1923308.524	-22.386	-806.336
70.180	0.000	322.051	2054409.414	-23.790	-750.623
70.454	0.000	322.051	2194446.698	-23.659	-698.451
70.792	0.000	322.051	2344029.518	-25.549	-649.668
71.041	0.000	322.051	2503808.540	-26.669	-602.953
71.306	0.000	322.051	2674478.780	-26.736	-559.009
71.672	0.000	322.051	2856782.629	-28.154	-517.741
71.955	0.000	322.051	3051513.084	-27.829	-477.678
72.216	0.000	322.051	3259517.196	-28.221	-440.814
72.543	0.000	322.051	3481699.752	-28.647	-405.419
72.869	0.000	322.051	3719027.216	-28.395	-371.682
73.171	0.000	322.051	3972531.929	-27.956	-339.485
73.453	0.000	322.051	4243316.602	-26.720	-308.679
73.756	0.000	322.051	4532559.110	-26.161	-281.045
74.072	0.000	322.052	4841517.618	-25.308	-253.774
74.385	0.000	322.052	5171536.051	-24.470	-227.114
74.892	0.000	322.052	5524049.945	-23.211	-202.125
75.145	0.000	322.052	5900592.685	-21.379	-177.805
75.472	0.000	322.052	6302802.180	-19.421	-155.580
75.769	0.000	322.052	6732427.985	-17.518	-133.635
76.115	0.000	322.052	7191338.911	-14.969	-112.843
76.421	0.000	322.052	7681531.159	-12.115	-93.228
76.697	0.000	322.052	8205136.995	-8.967	-74.720
77.044	0.000	322.052	8764434.032	-5.446	-57.519
77.408	0.000	322.053	9361855.135	-1.706	-41.668
77.699	0.000	322.053	9999999.000	2.112	-27.212
