Time (s)	Light (A)	T (K)	f (Hz)	R (Ohm)	X (Ohm)
1.471	0.000	342.049	20.000	-5231825.000	-65017460.000
2.858	0.000	342.048	21.363	2193962.000	-59153330.000
4.157	0.000	342.048	22.819	1940573.000	-55286910.000
5.378	0.000	342.048	24.375	1819178.000	-51921560.000
6.527	0.000	342.048	26.036	1576332.000	-48532980.000
7.615	0.000	342.049	27.811	1376879.000	-45453040.000
8.630	0.000	342.049	29.707	1211548.000	-42580790.000
9.584	0.000	342.050	31.732	1166120.000	-39797540.000
10.516	0.000	342.050	33.895	1213157.000	-37451490.000
11.359	0.000	342.050	36.205	951830.800	-35061840.000
12.160	0.000	342.050	38.673	1030394.000	-32943660.000
13.105	0.000	342.050	41.309	879169.000	-30755450.000
13.993	0.000	342.050	44.125	689465.900	-28823960.000
14.829	0.000	342.050	47.133	590870.000	-26976520.000
15.616	0.000	342.050	50.346	361110.700	-25172660.000
16.369	0.000	342.050	53.777	525550.200	-23682530.000
17.068	0.000	342.050	57.443	580895.500	-22225210.000
17.728	0.000	342.050	61.359	575686.000	-20867210.000
18.348	0.000	342.050	65.541	509339.900	-19565660.000
18.934	0.000	342.050	70.009	506906.700	-18321880.000
19.487	0.000	342.049	74.781	448877.800	-17174790.000
20.008	0.000	342.049	79.878	407835.100	-16078760.000
20.523	0.000	342.049	85.323	374986.000	-15089700.000
21.018	0.000	342.049	91.139	364073.300	-14114790.000
21.491	0.000	342.049	97.352	337290.000	-13231450.000
21.961	0.000	342.049	103.987	308935.800	-12401940.000
22.413	0.000	342.049	111.076	291397.000	-11625700.000
22.870	0.000	342.049	118.647	265032.100	-10889560.000
23.273	0.000	342.049	126.735	250961.300	-10206180.000
23.724	0.000	342.049	135.373	234210.700	-9566507.000
24.151	0.000	342.049	144.601	232782.800	-8971370.000
24.496	0.000	342.049	154.458	217810.100	-8399605.000
24.824	0.000	342.050	164.986	185953.100	-7868800.000
25.137	0.000	342.050	176.232	172569.700	-7372608.000
25.462	0.000	342.050	188.245	160057.400	-6912145.000
25.770	0.000	342.050	201.077	151388.800	-6473228.000
26.042	0.000	342.050	214.783	142086.100	-6067229.000
26.338	0.000	342.050	229.423	130448.400	-5685061.000
26.670	0.000	342.050	245.062	123292.900	-5323122.000
26.959	0.000	342.051	261.766	110498.500	-4992287.000
27.249	0.000	342.051	279.609	104539.500	-4677288.000
27.579	0.000	342.051	298.669	98187.830	-4382158.000
27.891	0.000	342.052	319.027	92157.290	-4104920.000
28.140	0.000	342.052	340.773	85596.330	-3847048.000
28.417	0.000	342.052	364.002	79812.770	-3604088.000
28.688	0.000	342.052	388.814	74080.150	-3377395.000
28.951	0.000	342.052	415.317	69195.310	-3164641.000
29.233	0.000	342.053	443.627	64292.960	-2965533.000
29.484	0.000	342.053	473.866	60614.810	-2777775.000
29.744	0.000	342.053	506.167	56164.900	-2602684.000
29.940	0.000	342.053	540.670	52917.390	-2438728.000
30.185	0.000	342.053	577.524	48293.810	-2285549.000
30.391	0.000	342.053	616.890	46447.670	-2141421.000
30.612	0.000	342.053	658.940	42919.190	-2006491.000
30.829	0.000	342.053	703.857	40037.140	-1879720.000
31.079	0.000	342.053	751.834	37585.360	-1761469.000
31.272	0.000	342.053	803.083	34520.510	-1650806.000
31.502	0.000	342.053	857.824	32223.140	-1546247.000
31.719	0.000	342.053	916.297	30188.460	-1449202.000
31.901	0.000	342.053	978.756	28527.980	-1357836.000
32.485	0.000	342.053	1045.472	26567.650	-1272235.000
33.054	0.000	342.053	1116.736	24464.500	-1192292.000
33.558	0.000	342.053	1192.857	23241.910	-1117068.000
34.010	0.000	342.053	1274.167	21692.820	-1046838.000
34.523	0.000	342.053	1361.020	20162.220	-980514.300
34.975	0.000	342.053	1453.793	18984.110	-919047.400
35.411	0.000	342.052	1552.890	17850.800	-861064.800
35.769	0.000	342.052	1658.741	16716.520	-806786.300
36.211	0.000	342.052	1771.808	15652.400	-755830.200
36.549	0.000	342.052	1892.582	14690.770	-708209.600
36.889	0.000	342.051	2021.589	13639.440	-663559.000
37.232	0.000	342.051	2159.389	12762.090	-621764.900
37.522	0.000	342.051	2306.582	12016.240	-582531.000
37.821	0.000	342.051	2463.808	11289.570	-545867.000
38.132	0.000	342.051	2631.752	10635.070	-511449.200
38.428	0.000	342.051	2811.143	9985.242	-479188.600
38.738	0.000	342.051	3002.763	9350.148	-449022.000
39.032	0.000	342.051	3207.444	8809.712	-420753.200
39.287	0.000	342.051	3426.077	8178.850	-394215.200
39.590	0.000	342.051	3659.613	7781.808	-369345.100
39.880	0.000	342.050	3909.068	7270.131	-346091.700
40.248	0.000	342.050	4175.526	6837.016	-324313.800
40.626	0.000	342.050	4460.148	6366.659	-303876.900
40.948	0.000	342.050	4764.171	5988.861	-284747.200
41.264	0.000	342.050	5088.917	5573.590	-266821.600
41.546	0.000	342.050	5435.799	5307.618	-249921.400
41.880	0.000	342.049	5806.326	5005.596	-234221.900
42.186	0.000	342.049	6202.110	4691.404	-219347.000
42.444	0.000	342.049	6624.872	4345.323	-205565.800
42.750	0.000	342.049	7076.452	4120.687	-192690.000
43.059	0.000	342.049	7558.813	3893.921	-180459.900
43.369	0.000	342.049	8074.054	3652.837	-169167.000
43.708	0.000	342.049	8624.416	3455.280	-158513.900
43.995	0.000	342.049	9212.292	3177.633	-148505.000
44.290	0.000	342.049	9840.241	3055.829	-139145.800
44.539	0.000	342.048	10510.994	2876.127	-130376.700
44.812	0.000	342.048	11227.468	2694.739	-122169.600
45.071	0.000	342.048	11992.780	2539.339	-114495.300
45.418	0.000	342.048	12810.259	2415.240	-107262.500
45.677	0.000	342.048	13683.461	2285.269	-100518.800
45.929	0.000	342.048	14616.184	2162.941	-94162.460
46.201	0.000	342.047	15612.485	2019.107	-88263.790
46.476	0.000	342.047	16676.698	1923.155	-82710.190
46.817	0.000	342.047	17813.453	1798.315	-77498.400
47.068	0.000	342.047	19027.694	1702.832	-72624.380
47.308	0.000	342.047	20324.702	1606.320	-68055.990
47.633	0.000	342.047	21710.121	1501.818	-63768.640
47.888	0.000	342.047	23189.975	1431.911	-59763.590
48.161	0.000	342.047	24770.702	1342.317	-55982.530
48.440	0.000	342.047	26459.178	1274.079	-52475.720
48.721	0.000	342.047	28262.749	1207.035	-49156.710
48.953	0.000	342.047	30189.258	1129.364	-46085.020
49.245	0.000	342.046	32247.086	1079.547	-43177.430
49.535	0.000	342.046	34445.185	1018.873	-40465.710
49.813	0.000	342.046	36793.115	958.686	-37920.620
50.082	0.000	342.046	39301.090	912.903	-35534.660
50.334	0.000	342.046	41980.020	855.960	-33313.020
50.747	0.000	342.046	44841.556	805.139	-31211.510
51.114	0.000	342.046	47898.147	765.123	-29244.830
51.557	0.000	342.046	51163.089	727.426	-27413.480
51.834	0.000	342.046	54650.583	680.197	-25707.670
52.168	0.000	342.046	58375.799	636.641	-24079.610
52.451	0.000	342.046	62354.942	589.983	-22581.210
52.880	0.000	342.046	66605.320	573.659	-21155.450
53.170	0.000	342.046	71145.421	542.875	-19825.970
53.508	0.000	342.046	75994.996	511.297	-18582.800
53.816	0.000	342.046	81175.138	492.933	-17407.210
54.090	0.000	342.046	86708.381	453.984	-16320.760
54.372	0.000	342.046	92618.793	432.615	-15299.020
54.664	0.000	342.046	98932.084	401.397	-14335.900
54.947	0.000	342.046	105675.715	374.612	-13421.360
55.256	0.000	342.046	112879.022	361.090	-12587.150
55.545	0.000	342.047	120573.336	353.612	-11802.110
55.939	0.000	342.047	128792.127	319.077	-11076.480
56.264	0.000	342.047	137571.146	305.308	-10367.550
56.640	0.000	342.047	146948.581	291.933	-9716.586
56.933	0.000	342.047	156965.221	281.287	-9096.677
57.291	0.000	342.047	167664.638	267.915	-8518.724
57.595	0.000	342.047	179093.373	272.112	-8032.032
57.943	0.000	342.047	191301.139	244.278	-7509.428
58.233	0.000	342.047	204341.039	223.560	-7038.386
58.566	0.000	342.047	218269.793	211.322	-6597.183
58.880	0.000	342.047	233147.990	199.466	-6190.711
59.175	0.000	342.047	249040.349	186.520	-5788.835
59.471	0.000	342.047	266015.998	178.232	-5423.746
59.786	0.000	342.047	284148.780	166.790	-5084.838
60.083	0.000	342.047	303517.570	159.242	-4767.951
60.494	0.000	342.047	324206.618	151.252	-4463.337
60.743	0.000	342.047	346305.920	142.097	-4184.219
61.061	0.000	342.047	369911.605	134.983	-3917.924
61.361	0.000	342.047	395126.353	130.393	-3672.186
61.683	0.000	342.047	422059.846	129.137	-3444.975
61.986	0.000	342.047	450829.241	118.886	-3219.854
62.296	0.000	342.048	481559.679	114.536	-3022.335
62.611	0.000	342.048	514384.835	110.466	-2826.301
62.868	0.000	342.047	549447.493	134.992	-2637.294
63.114	0.000	342.047	586900.171	103.864	-2497.994
63.496	0.000	342.047	626905.783	92.135	-2336.310
63.769	0.000	342.047	669638.348	91.470	-2189.472
64.054	0.000	342.047	715283.746	84.781	-2048.710
64.383	0.000	342.048	764040.529	86.664	-1915.967
64.713	0.000	342.048	816120.781	78.207	-1796.197
65.031	0.000	342.048	871751.044	74.893	-1680.567
65.350	0.000	342.048	931173.304	73.887	-1569.182
65.602	0.000	342.048	994646.037	70.888	-1472.201
65.925	0.000	342.048	1062445.341	-5.817	-1367.306
66.256	0.000	342.048	1134866.134	-3.042	-1282.140
66.719	0.000	342.048	1212223.437	-5.241	-1199.609
67.052	0.000	342.048	1294853.743	-6.776	-1125.649
67.432	0.000	342.048	1383116.481	-14.518	-1049.077
67.821	0.000	342.048	1477395.584	-12.595	-979.111
68.273	0.000	342.048	1578101.150	-15.572	-915.252
68.605	0.000	342.048	1685671.237	-18.375	-854.176
68.870	0.000	342.048	1800573.758	-20.530	-796.475
69.218	0.000	342.048	1923308.524	-21.976	-741.029
69.490	0.000	342.048	2054409.414	-23.235	-689.748
69.744	0.000	342.048	2194446.698	-22.312	-641.594
70.046	0.000	342.048	2344029.518	-24.267	-596.711
70.318	0.000	342.048	2503808.540	-25.204	-553.089
70.576	0.000	342.048	2674478.780	-25.364	-513.077
71.041	0.000	342.048	2856782.629	-26.366	-474.307
71.316	0.000	342.048	3051513.084	-25.893	-437.510
71.651	0.000	342.048	3259517.196	-26.286	-403.190
71.985	0.000	342.048	3481699.752	-26.386	-370.299
72.270	0.000	342.048	3719027.216	-26.073	-339.075
72.581	0.000	342.048	3972531.929	-25.213	-309.202
72.916	0.000	342.048	4243316.602	-23.566	-280.783
73.185	0.000	342.048	4532559.110	-23.597	-255.196
73.477	0.000	342.048	4841517.618	-22.841	-229.785
73.816	0.000	342.048	5171536.051	-21.614	-205.030
74.235	0.000	342.048	5524049.945	-20.455	-181.796
74.554	0.000	342.048	5900592.685	-18.562	-159.178
74.893	0.000	342.048	6302802.180	-16.599	-138.457
75.187	0.000	342.048	6732427.985	-14.614	-118.132
75.479	0.000	342.048	7191338.911	-12.086	-98.838
75.796	0.000	342.049	7681531.159	-9.283	-80.676
76.174	0.000	342.049	8205136.995	-6.187	-63.539
76.449	0.000	342.049	8764434.032	-2.794	-47.637
76.796	0.000	342.049	9361855.135	0.809	-33.022
77.104	0.000	342.049	9999999.000	4.491	-19.733
