Time (s)	Light (A)	T (K)	f (Hz)	R (Ohm)	X (Ohm)
1.476	0.000	344.050	20.000	5577140.000	-69948470.000
2.893	0.000	344.050	21.363	2001420.000	-58583360.000
4.208	0.000	344.050	22.819	1743375.000	-54977400.000
5.430	0.000	344.050	24.375	1626454.000	-51448640.000
6.577	0.000	344.050	26.036	1627423.000	-48103730.000
7.657	0.000	344.051	27.811	1426451.000	-45118520.000
8.673	0.000	344.052	29.707	1341391.000	-42303460.000
9.640	0.000	344.052	31.732	1083772.000	-39581290.000
10.540	0.000	344.052	33.895	1214270.000	-37116120.000
11.386	0.000	344.052	36.205	912904.200	-34802100.000
12.186	0.000	344.053	38.673	982095.400	-32680720.000
13.131	0.000	344.053	41.309	842894.500	-30514210.000
14.020	0.000	344.053	44.125	669371.100	-28644010.000
14.857	0.000	344.052	47.133	521526.500	-26780930.000
15.659	0.000	344.052	50.346	368279.500	-25172140.000
16.400	0.000	344.052	53.777	492363.300	-23532040.000
17.099	0.000	344.053	57.443	527986.300	-22079320.000
17.799	0.000	344.053	61.359	561776.900	-20698160.000
18.417	0.000	344.053	65.541	498848.900	-19385720.000
19.004	0.000	344.053	70.009	452609.300	-18165510.000
19.558	0.000	344.053	74.781	429821.500	-17031890.000
20.105	0.000	344.053	79.878	412419.800	-15949490.000
20.607	0.000	344.053	85.323	375834.200	-14949810.000
21.102	0.000	344.052	91.139	359461.700	-14018380.000
21.576	0.000	344.052	97.352	325863.600	-13136170.000
22.073	0.000	344.052	103.987	297258.400	-12294060.000
22.542	0.000	344.052	111.076	275301.700	-11533410.000
22.996	0.000	344.051	118.647	263811.000	-10808720.000
23.432	0.000	344.051	126.735	239646.600	-10124160.000
23.837	0.000	344.051	135.373	229176.800	-9482292.000
24.199	0.000	344.051	144.601	215493.200	-8906129.000
24.538	0.000	344.051	154.458	185184.900	-8343508.000
24.903	0.000	344.051	164.986	181530.100	-7805689.000
25.243	0.000	344.051	176.232	167213.400	-7313798.000
25.541	0.000	344.050	188.245	156598.800	-6855267.000
25.892	0.000	344.050	201.077	149886.000	-6419470.000
26.151	0.000	344.050	214.783	137733.000	-6017394.000
26.416	0.000	344.050	229.423	130809.900	-5638748.000
26.713	0.000	344.050	245.062	123972.200	-5284636.000
26.997	0.000	344.051	261.766	111524.600	-4947301.000
27.229	0.000	344.051	279.609	104072.300	-4637256.000
27.521	0.000	344.051	298.669	96982.140	-4345175.000
27.792	0.000	344.051	319.027	90602.640	-4072105.000
28.046	0.000	344.051	340.773	83881.800	-3816186.000
28.311	0.000	344.051	364.002	78213.300	-3575997.000
28.606	0.000	344.051	388.814	73404.030	-3349738.000
28.897	0.000	344.051	415.317	68275.510	-3139120.000
29.116	0.000	344.051	443.627	63803.960	-2940569.000
29.351	0.000	344.051	473.866	59440.850	-2756805.000
29.620	0.000	344.051	506.167	56555.510	-2582857.000
29.894	0.000	344.051	540.670	51608.930	-2419286.000
30.100	0.000	344.051	577.524	49125.490	-2267252.000
30.375	0.000	344.051	616.890	45917.120	-2124556.000
30.633	0.000	344.051	658.940	42062.280	-1990084.000
30.853	0.000	344.051	703.857	39557.030	-1865079.000
31.052	0.000	344.051	751.834	36904.360	-1747271.000
31.274	0.000	344.051	803.083	34213.690	-1636708.000
31.485	0.000	344.051	857.824	32601.630	-1533981.000
31.725	0.000	344.051	916.297	30193.310	-1437560.000
31.929	0.000	344.051	978.756	28482.290	-1346993.000
32.483	0.000	344.052	1045.472	26429.990	-1262093.000
32.997	0.000	344.052	1116.736	24797.000	-1182732.000
33.520	0.000	344.052	1192.857	23424.360	-1108621.000
34.047	0.000	344.052	1274.167	22029.470	-1038448.000
34.502	0.000	344.052	1361.020	20325.770	-973036.500
34.945	0.000	344.052	1453.793	18912.390	-911729.100
35.351	0.000	344.052	1552.890	18012.980	-854347.500
35.788	0.000	344.052	1658.741	16767.070	-800482.300
36.144	0.000	344.052	1771.808	15687.080	-750121.000
36.530	0.000	344.052	1892.582	14652.590	-702772.600
36.937	0.000	344.052	2021.589	13688.560	-658526.400
37.247	0.000	344.052	2159.389	12935.340	-617081.400
37.598	0.000	344.052	2306.582	12100.530	-578133.100
37.898	0.000	344.052	2463.808	11331.980	-541640.200
38.204	0.000	344.052	2631.752	10607.070	-507522.200
38.501	0.000	344.052	2811.143	9997.060	-475523.300
38.757	0.000	344.052	3002.763	9267.933	-445585.900
39.053	0.000	344.052	3207.444	8710.470	-417470.600
39.351	0.000	344.052	3426.077	8235.864	-391174.300
39.672	0.000	344.052	3659.613	7737.821	-366508.300
39.971	0.000	344.052	3909.068	7211.045	-343297.000
40.357	0.000	344.051	4175.526	6760.042	-321775.300
40.690	0.000	344.051	4460.148	6369.216	-301460.300
41.044	0.000	344.050	4764.171	5942.287	-282565.900
41.385	0.000	344.050	5088.917	5578.293	-264652.900
41.686	0.000	344.050	5435.799	5247.190	-247996.400
41.940	0.000	344.050	5806.326	4883.230	-232399.200
42.277	0.000	344.050	6202.110	4541.150	-217740.100
42.578	0.000	344.050	6624.872	4312.426	-204010.100
42.915	0.000	344.050	7076.452	4074.282	-191083.600
43.221	0.000	344.050	7558.813	3851.980	-179108.000
43.536	0.000	344.049	8074.054	3601.466	-167815.100
43.858	0.000	344.049	8624.416	3371.096	-157285.500
44.153	0.000	344.049	9212.292	3244.847	-147370.900
44.432	0.000	344.049	9840.241	2962.394	-138007.700
44.702	0.000	344.048	10510.994	2816.952	-129328.400
44.970	0.000	344.048	11227.468	2646.242	-121189.500
45.244	0.000	344.048	11992.780	2510.621	-113566.600
45.502	0.000	344.048	12810.259	2353.726	-106397.300
45.794	0.000	344.048	13683.461	2231.344	-99713.430
46.064	0.000	344.048	14616.184	2102.294	-93424.710
46.337	0.000	344.048	15612.485	1997.105	-87543.400
46.603	0.000	344.048	16676.698	1872.515	-82045.400
46.869	0.000	344.048	17813.453	1779.065	-76869.000
47.139	0.000	344.048	19027.694	1666.267	-72034.210
47.438	0.000	344.048	20324.702	1598.624	-67507.940
47.700	0.000	344.048	21710.121	1503.586	-63261.970
47.973	0.000	344.048	23189.975	1391.706	-59278.000
48.248	0.000	344.048	24770.702	1349.519	-55550.290
48.494	0.000	344.048	26459.178	1249.164	-52062.340
48.798	0.000	344.048	28262.749	1187.657	-48787.860
49.063	0.000	344.047	30189.258	1117.324	-45725.630
49.366	0.000	344.047	32247.086	1045.090	-42834.450
49.636	0.000	344.047	34445.185	998.425	-40132.240
49.912	0.000	344.047	36793.115	939.713	-37617.840
50.193	0.000	344.047	39301.090	889.337	-35252.980
50.489	0.000	344.047	41980.020	842.168	-33034.820
50.918	0.000	344.048	44841.556	795.866	-30955.100
51.310	0.000	344.048	47898.147	749.568	-29016.560
51.741	0.000	344.048	51163.089	722.874	-27195.630
52.050	0.000	344.048	54650.583	661.933	-25485.850
52.402	0.000	344.048	58375.799	619.849	-23887.260
52.714	0.000	344.048	62354.942	605.326	-22360.530
53.156	0.000	344.048	66605.320	567.075	-20970.480
53.514	0.000	344.048	71145.421	527.980	-19652.210
53.891	0.000	344.048	75994.996	508.716	-18425.790
54.193	0.000	344.048	81175.138	468.339	-17271.410
54.472	0.000	344.048	86708.381	452.353	-16177.470
54.825	0.000	344.048	92618.793	418.659	-15158.130
55.129	0.000	344.048	98932.084	386.329	-14213.800
55.506	0.000	344.048	105675.715	367.528	-13305.400
55.824	0.000	344.048	112879.022	352.624	-12480.380
56.094	0.000	344.048	120573.336	340.537	-11688.280
56.418	0.000	344.048	128792.127	342.074	-10980.400
56.700	0.000	344.048	137571.146	302.159	-10282.280
57.089	0.000	344.048	146948.581	283.030	-9634.314
57.338	0.000	344.048	156965.221	275.070	-9025.613
57.593	0.000	344.048	167664.638	260.829	-8447.308
57.938	0.000	344.048	179093.373	270.311	-7953.463
58.248	0.000	344.048	191301.139	234.290	-7441.173
58.575	0.000	344.048	204341.039	219.933	-6982.987
58.860	0.000	344.047	218269.793	207.873	-6541.373
59.247	0.000	344.047	233147.990	188.200	-6121.067
59.578	0.000	344.047	249040.349	181.298	-5741.132
59.880	0.000	344.047	266015.998	173.698	-5376.401
60.196	0.000	344.047	284148.780	164.811	-5040.657
60.492	0.000	344.047	303517.570	158.841	-4724.599
60.957	0.000	344.046	324206.618	148.500	-4424.742
61.323	0.000	344.046	346305.920	142.175	-4147.253
61.652	0.000	344.046	369911.605	133.349	-3885.014
61.910	0.000	344.046	395126.353	128.133	-3640.520
62.252	0.000	344.046	422059.846	126.798	-3415.969
62.577	0.000	344.046	450829.241	117.096	-3191.878
62.897	0.000	344.046	481559.679	112.799	-2994.514
63.232	0.000	344.046	514384.835	107.308	-2801.138
63.558	0.000	344.046	549447.493	129.998	-2614.558
63.875	0.000	344.046	586900.171	102.235	-2474.681
64.131	0.000	344.046	626905.783	91.421	-2315.182
64.463	0.000	344.046	669638.348	89.603	-2169.150
64.776	0.000	344.046	715283.746	83.457	-2029.891
65.047	0.000	344.046	764040.529	80.538	-1899.284
65.362	0.000	344.046	816120.781	77.039	-1779.785
65.685	0.000	344.046	871751.044	73.483	-1665.172
65.939	0.000	344.046	931173.304	73.126	-1555.191
66.256	0.000	344.046	994646.037	69.507	-1458.893
66.569	0.000	344.046	1062445.341	-5.491	-1354.567
66.819	0.000	344.046	1134866.134	-3.390	-1270.054
67.223	0.000	344.046	1212223.437	-5.702	-1188.732
67.603	0.000	344.046	1294853.743	-7.913	-1115.903
67.977	0.000	344.046	1383116.481	-14.175	-1039.370
68.446	0.000	344.046	1477395.584	-12.280	-970.213
68.911	0.000	344.046	1578101.150	-15.510	-906.784
69.163	0.000	344.046	1685671.237	-18.561	-846.218
69.485	0.000	344.046	1800573.758	-20.147	-788.864
69.855	0.000	344.046	1923308.524	-21.811	-734.028
70.105	0.000	344.046	2054409.414	-23.189	-683.285
70.430	0.000	344.046	2194446.698	-21.960	-635.786
70.721	0.000	344.046	2344029.518	-24.394	-591.055
71.029	0.000	344.047	2503808.540	-24.708	-548.043
71.335	0.000	344.047	2674478.780	-25.138	-508.112
71.712	0.000	344.047	2856782.629	-26.175	-469.539
71.974	0.000	344.047	3051513.084	-25.520	-433.192
72.286	0.000	344.046	3259517.196	-26.097	-399.252
72.551	0.000	344.046	3481699.752	-26.129	-366.675
72.888	0.000	344.046	3719027.216	-25.740	-335.543
73.237	0.000	344.046	3972531.929	-24.970	-306.007
73.528	0.000	344.046	4243316.602	-23.149	-278.029
73.794	0.000	344.046	4532559.110	-23.279	-252.442
74.144	0.000	344.046	4841517.618	-22.558	-227.246
74.521	0.000	344.046	5171536.051	-21.277	-202.725
74.913	0.000	344.046	5524049.945	-20.103	-179.644
75.214	0.000	344.046	5900592.685	-18.253	-157.222
75.514	0.000	344.046	6302802.180	-16.253	-136.609
75.783	0.000	344.046	6732427.985	-14.275	-116.475
76.131	0.000	344.046	7191338.911	-11.723	-97.369
76.486	0.000	344.047	7681531.159	-8.947	-79.350
76.750	0.000	344.047	8205136.995	-5.858	-62.352
77.143	0.000	344.047	8764434.032	-2.492	-46.607
77.542	0.000	344.047	9361855.135	1.092	-32.118
77.797	0.000	344.047	9999999.000	4.766	-18.953
