Time (s)	Light (A)	T (K)	f (Hz)	R (Ohm)	X (Ohm)
1.476	0.000	348.051	20.000	3894574.000	-55237330.000
2.859	0.000	348.050	21.363	1883033.000	-57550070.000
4.157	0.000	348.050	22.819	1947487.000	-53867880.000
5.381	0.000	348.050	24.375	1687377.000	-50514700.000
6.570	0.000	348.050	26.036	1444772.000	-47340220.000
7.649	0.000	348.050	27.811	1308698.000	-44260130.000
8.664	0.000	348.050	29.707	1263397.000	-41398110.000
9.653	0.000	348.050	31.732	1253735.000	-38895510.000
10.550	0.000	348.050	33.895	1106749.000	-36508890.000
11.398	0.000	348.050	36.205	947196.100	-34070280.000
12.204	0.000	348.050	38.673	935617.300	-32072330.000
13.148	0.000	348.050	41.309	796254.800	-30012040.000
14.036	0.000	348.050	44.125	655994.700	-28051670.000
14.872	0.000	348.050	47.133	519532.600	-26321800.000
15.657	0.000	348.050	50.346	559273.400	-24607610.000
16.398	0.000	348.050	53.777	472805.100	-23125060.000
17.097	0.000	348.050	57.443	509306.800	-21694120.000
17.756	0.000	348.049	61.359	537352.700	-20328830.000
18.376	0.000	348.049	65.541	531195.200	-19049740.000
18.963	0.000	348.048	70.009	472002.500	-17833470.000
19.519	0.000	348.048	74.781	449108.600	-16729530.000
20.043	0.000	348.048	79.878	388513.600	-15675910.000
20.565	0.000	348.048	85.323	367400.600	-14703310.000
21.046	0.000	348.048	91.139	352118.500	-13768250.000
21.505	0.000	348.048	97.352	324610.000	-12896590.000
21.946	0.000	348.048	103.987	302029.600	-12078560.000
22.378	0.000	348.048	111.076	279505.300	-11323330.000
22.823	0.000	348.048	118.647	253398.700	-10614280.000
23.222	0.000	348.048	126.735	237563.300	-9950107.000
23.689	0.000	348.048	135.373	225162.400	-9318386.000
24.103	0.000	348.048	144.601	192814.300	-8746298.000
24.501	0.000	348.048	154.458	187011.300	-8198457.000
24.828	0.000	348.048	164.986	179829.000	-7672500.000
25.137	0.000	348.048	176.232	171301.800	-7190467.000
25.471	0.000	348.048	188.245	158312.600	-6735945.000
25.820	0.000	348.048	201.077	145790.200	-6312814.000
26.148	0.000	348.048	214.783	137203.000	-5916843.000
26.399	0.000	348.048	229.423	127703.700	-5543010.000
26.630	0.000	348.048	245.062	116539.600	-5189440.000
26.935	0.000	348.049	261.766	111871.300	-4861601.000
27.223	0.000	348.049	279.609	103778.500	-4559336.000
27.491	0.000	348.049	298.669	96127.490	-4270691.000
27.810	0.000	348.049	319.027	88452.440	-4001542.000
28.050	0.000	348.049	340.773	82471.110	-3750863.000
28.288	0.000	348.049	364.002	78037.690	-3513929.000
28.558	0.000	348.050	388.814	72763.050	-3292557.000
28.803	0.000	348.050	415.317	66434.270	-3085830.000
29.078	0.000	348.050	443.627	63407.290	-2890955.000
29.350	0.000	348.050	473.866	59899.730	-2707582.000
29.613	0.000	348.050	506.167	55139.300	-2537614.000
29.843	0.000	348.050	540.670	51454.710	-2378699.000
30.096	0.000	348.050	577.524	47796.320	-2228475.000
30.336	0.000	348.050	616.890	43825.490	-2087905.000
30.546	0.000	348.050	658.940	41562.030	-1956461.000
30.794	0.000	348.050	703.857	39103.720	-1832723.000
31.030	0.000	348.050	751.834	36397.450	-1717053.000
31.240	0.000	348.050	803.083	34429.650	-1608896.000
31.441	0.000	348.050	857.824	31486.960	-1507660.000
31.642	0.000	348.050	916.297	29607.160	-1412444.000
31.864	0.000	348.050	978.756	27781.260	-1323471.000
32.445	0.000	348.050	1045.472	25850.950	-1240109.000
33.006	0.000	348.050	1116.736	23958.840	-1161971.000
33.536	0.000	348.050	1192.857	22480.770	-1088856.000
34.060	0.000	348.050	1274.167	21042.970	-1020559.000
34.548	0.000	348.050	1361.020	19550.640	-955870.900
34.950	0.000	348.050	1453.793	18581.420	-895478.500
35.377	0.000	348.050	1552.890	17232.980	-839365.100
35.783	0.000	348.050	1658.741	16241.820	-786382.400
36.136	0.000	348.050	1771.808	15165.230	-736736.600
36.507	0.000	348.050	1892.582	14254.140	-690381.000
36.905	0.000	348.050	2021.589	13365.910	-646838.100
37.251	0.000	348.050	2159.389	12539.340	-606124.700
37.593	0.000	348.050	2306.582	11562.250	-567884.300
37.903	0.000	348.050	2463.808	10825.730	-532106.200
38.211	0.000	348.050	2631.752	10239.740	-498526.000
38.518	0.000	348.050	2811.143	9515.980	-467164.100
38.848	0.000	348.050	3002.763	8924.758	-437678.400
39.133	0.000	348.050	3207.444	8491.208	-410054.400
39.412	0.000	348.050	3426.077	7906.347	-384212.600
39.657	0.000	348.050	3659.613	7455.457	-360024.000
39.916	0.000	348.050	3909.068	7064.869	-337273.100
40.235	0.000	348.050	4175.526	6583.804	-316019.100
40.570	0.000	348.050	4460.148	6175.376	-296094.800
40.909	0.000	348.050	4764.171	5797.825	-277472.100
41.234	0.000	348.050	5088.917	5444.142	-259979.400
41.548	0.000	348.050	5435.799	5050.407	-243636.800
41.804	0.000	348.050	5806.326	4794.098	-228250.300
42.131	0.000	348.050	6202.110	4467.068	-213861.600
42.450	0.000	348.050	6624.872	4181.110	-200360.600
42.725	0.000	348.050	7076.452	3956.949	-187775.000
42.966	0.000	348.050	7558.813	3728.360	-175934.000
43.254	0.000	348.050	8074.054	3481.821	-164822.000
43.559	0.000	348.050	8624.416	3289.066	-154510.400
43.899	0.000	348.049	9212.292	3098.119	-144699.200
44.218	0.000	348.049	9840.241	2934.250	-135559.500
44.483	0.000	348.049	10510.994	2714.487	-127051.400
44.731	0.000	348.049	11227.468	2566.819	-119060.400
45.018	0.000	348.049	11992.780	2414.764	-111581.600
45.318	0.000	348.049	12810.259	2297.405	-104503.900
45.599	0.000	348.049	13683.461	2146.904	-97949.280
45.865	0.000	348.049	14616.184	2026.528	-91788.340
46.127	0.000	348.048	15612.485	1943.704	-85999.060
46.493	0.000	348.048	16676.698	1803.104	-80579.670
46.783	0.000	348.048	17813.453	1702.227	-75512.780
47.081	0.000	348.048	19027.694	1600.508	-70765.240
47.385	0.000	348.048	20324.702	1541.503	-66297.030
47.659	0.000	348.048	21710.121	1462.592	-62134.570
47.901	0.000	348.048	23189.975	1373.231	-58219.410
48.169	0.000	348.048	24770.702	1277.360	-54554.200
48.437	0.000	348.048	26459.178	1204.939	-51118.500
48.732	0.000	348.048	28262.749	1123.520	-47903.320
49.015	0.000	348.048	30189.258	1073.107	-44877.230
49.257	0.000	348.048	32247.086	1014.610	-42052.430
49.554	0.000	348.048	34445.185	960.135	-39412.270
49.840	0.000	348.048	36793.115	906.383	-36941.810
50.050	0.000	348.048	39301.090	865.081	-34622.330
50.328	0.000	348.048	41980.020	808.040	-32432.550
50.782	0.000	348.048	44841.556	762.069	-30409.050
51.123	0.000	348.048	47898.147	724.836	-28484.050
51.521	0.000	348.048	51163.089	691.441	-26694.810
51.881	0.000	348.048	54650.583	648.235	-25028.200
52.287	0.000	348.048	58375.799	605.393	-23443.040
52.596	0.000	348.048	62354.942	551.906	-21976.500
53.020	0.000	348.048	66605.320	543.985	-20595.880
53.340	0.000	348.048	71145.421	508.189	-19301.230
53.623	0.000	348.048	75994.996	489.376	-18083.280
53.920	0.000	348.048	81175.138	461.578	-16939.170
54.263	0.000	348.048	86708.381	430.301	-15891.370
54.509	0.000	348.048	92618.793	405.102	-14885.740
54.808	0.000	348.048	98932.084	375.534	-13951.080
55.099	0.000	348.048	105675.715	366.111	-13076.850
55.402	0.000	348.048	112879.022	332.247	-12258.220
55.687	0.000	348.048	120573.336	311.536	-11488.000
56.010	0.000	348.048	128792.127	314.447	-10760.910
56.276	0.000	348.048	137571.146	289.886	-10088.620
56.627	0.000	348.048	146948.581	274.126	-9453.162
56.936	0.000	348.048	156965.221	258.668	-8857.225
57.257	0.000	348.048	167664.638	254.376	-8290.963
57.578	0.000	348.048	179093.373	251.412	-7804.978
57.905	0.000	348.048	191301.139	230.072	-7298.054
58.276	0.000	348.048	204341.039	211.666	-6850.553
58.598	0.000	348.047	218269.793	198.519	-6419.439
58.983	0.000	348.047	233147.990	191.810	-6015.264
59.235	0.000	348.047	249040.349	174.507	-5632.240
59.536	0.000	348.047	266015.998	168.514	-5276.476
59.885	0.000	348.047	284148.780	159.985	-4944.643
60.203	0.000	348.048	303517.570	151.206	-4635.523
60.735	0.000	348.048	324206.618	142.817	-4341.826
61.064	0.000	348.048	346305.920	136.349	-4070.912
61.454	0.000	348.048	369911.605	129.619	-3810.950
61.712	0.000	348.048	395126.353	124.295	-3571.592
61.996	0.000	348.048	422059.846	119.736	-3350.494
62.365	0.000	348.048	450829.241	114.077	-3131.430
62.698	0.000	348.048	481559.679	109.415	-2937.561
62.983	0.000	348.048	514384.835	105.378	-2747.928
63.290	0.000	348.049	549447.493	121.909	-2565.322
63.620	0.000	348.049	586900.171	100.008	-2428.963
63.946	0.000	348.049	626905.783	89.338	-2269.766
64.297	0.000	348.049	669638.348	86.336	-2126.106
64.606	0.000	348.049	715283.746	81.662	-1989.961
64.932	0.000	348.049	764040.529	83.253	-1860.005
65.188	0.000	348.049	816120.781	75.650	-1744.715
65.508	0.000	348.050	871751.044	72.401	-1632.335
65.833	0.000	348.050	931173.304	73.371	-1525.154
66.093	0.000	348.050	994646.037	68.078	-1430.314
66.416	0.000	348.050	1062445.341	-5.036	-1327.577
66.754	0.000	348.050	1134866.134	-4.028	-1245.911
67.261	0.000	348.050	1212223.437	-5.736	-1165.034
67.543	0.000	348.050	1294853.743	-8.553	-1093.492
67.895	0.000	348.050	1383116.481	-13.959	-1018.349
68.276	0.000	348.050	1477395.584	-12.456	-951.077
68.689	0.000	348.050	1578101.150	-14.571	-888.730
68.959	0.000	348.050	1685671.237	-17.712	-828.871
69.297	0.000	348.050	1800573.758	-19.390	-773.111
69.711	0.000	348.050	1923308.524	-20.607	-719.353
70.011	0.000	348.050	2054409.414	-21.681	-669.360
70.282	0.000	348.050	2194446.698	-20.752	-623.325
70.630	0.000	348.050	2344029.518	-22.833	-579.103
70.914	0.000	348.050	2503808.540	-23.733	-536.659
71.253	0.000	348.050	2674478.780	-24.002	-497.467
71.669	0.000	348.049	2856782.629	-24.863	-459.720
71.972	0.000	348.049	3051513.084	-24.135	-424.260
72.235	0.000	348.049	3259517.196	-24.718	-390.832
72.544	0.000	348.049	3481699.752	-24.534	-358.720
72.850	0.000	348.049	3719027.216	-24.350	-328.398
73.117	0.000	348.049	3972531.929	-23.516	-299.322
73.463	0.000	348.049	4243316.602	-21.645	-272.255
73.786	0.000	348.049	4532559.110	-21.982	-246.838
74.062	0.000	348.049	4841517.618	-21.141	-222.013
74.322	0.000	348.049	5171536.051	-19.955	-198.079
74.757	0.000	348.049	5524049.945	-18.842	-175.392
75.068	0.000	348.050	5900592.685	-16.987	-153.388
75.321	0.000	348.050	6302802.180	-15.029	-133.127
75.657	0.000	348.050	6732427.985	-13.082	-113.353
75.989	0.000	348.050	7191338.911	-10.570	-94.586
76.276	0.000	348.050	7681531.159	-7.854	-76.918
76.577	0.000	348.050	8205136.995	-4.800	-60.228
76.877	0.000	348.050	8764434.032	-1.511	-44.764
77.163	0.000	348.050	9361855.135	1.992	-30.540
77.408	0.000	348.050	9999999.000	5.584	-17.624
