Time (s)	Light (A)	T (K)	f (Hz)	R (Ohm)	X (Ohm)
1.475	0.000	350.049	20.000	8988562.000	-63604690.000
2.859	0.000	350.049	21.363	1838856.000	-56978250.000
4.161	0.000	350.048	22.819	1837403.000	-53451290.000
5.382	0.000	350.048	24.375	1655107.000	-49929720.000
6.530	0.000	350.048	26.036	1595142.000	-46851220.000
7.610	0.000	350.048	27.811	1440448.000	-43887550.000
8.623	0.000	350.048	29.707	1280268.000	-41117140.000
9.576	0.000	350.049	31.732	1271689.000	-38555680.000
10.474	0.000	350.049	33.895	1096502.000	-36188860.000
11.321	0.000	350.049	36.205	1021682.000	-33748830.000
12.119	0.000	350.050	38.673	846703.300	-31730500.000
13.064	0.000	350.050	41.309	824146.400	-29716720.000
13.952	0.000	350.050	44.125	618522.700	-27829650.000
14.788	0.000	350.050	47.133	552304.300	-26076410.000
15.575	0.000	350.051	50.346	491458.800	-24291710.000
16.316	0.000	350.051	53.777	488735.900	-22884550.000
17.027	0.000	350.051	57.443	552909.300	-21498830.000
17.687	0.000	350.051	61.359	533646.200	-20157640.000
18.307	0.000	350.051	65.541	504514.000	-18842730.000
18.893	0.000	350.051	70.009	449005.800	-17687280.000
19.447	0.000	350.052	74.781	417280.500	-16568990.000
19.980	0.000	350.052	79.878	403156.000	-15520990.000
20.487	0.000	350.052	85.323	364744.800	-14542130.000
20.998	0.000	350.052	91.139	341441.200	-13635110.000
21.474	0.000	350.052	97.352	320179.200	-12764000.000
21.953	0.000	350.052	103.987	289437.800	-11978540.000
22.380	0.000	350.052	111.076	277102.700	-11221320.000
22.793	0.000	350.052	118.647	262069.900	-10512430.000
23.234	0.000	350.052	126.735	239244.500	-9855365.000
23.611	0.000	350.053	135.373	223092.800	-9233659.000
24.023	0.000	350.053	144.601	217370.800	-8661880.000
24.382	0.000	350.053	154.458	205128.100	-8098546.000
24.742	0.000	350.053	164.986	178358.800	-7596584.000
25.082	0.000	350.053	176.232	170171.800	-7117044.000
25.393	0.000	350.053	188.245	155247.300	-6666669.000
25.717	0.000	350.054	201.077	142334.400	-6248836.000
26.005	0.000	350.054	214.783	133428.800	-5854451.000
26.318	0.000	350.054	229.423	126014.200	-5486858.000
26.601	0.000	350.054	245.062	121216.100	-5138739.000
26.928	0.000	350.054	261.766	111410.700	-4815032.000
27.227	0.000	350.054	279.609	103034.900	-4513589.000
27.544	0.000	350.054	298.669	94974.090	-4228885.000
27.810	0.000	350.054	319.027	88536.770	-3961917.000
28.091	0.000	350.054	340.773	83182.630	-3712315.000
28.372	0.000	350.054	364.002	77415.770	-3478797.000
28.643	0.000	350.054	388.814	71323.570	-3260601.000
28.924	0.000	350.054	415.317	67326.940	-3054090.000
29.139	0.000	350.054	443.627	62853.860	-2861234.000
29.415	0.000	350.054	473.866	57921.650	-2681274.000
29.666	0.000	350.054	506.167	54289.840	-2512815.000
29.976	0.000	350.054	540.670	50374.970	-2354811.000
30.233	0.000	350.054	577.524	47823.580	-2206622.000
30.531	0.000	350.054	616.890	44329.750	-2066289.000
30.714	0.000	350.053	658.940	41394.530	-1936345.000
30.896	0.000	350.053	703.857	37914.010	-1814422.000
31.181	0.000	350.053	751.834	35811.980	-1699820.000
31.432	0.000	350.053	803.083	33382.660	-1593351.000
31.641	0.000	350.053	857.824	31794.250	-1492395.000
31.863	0.000	350.052	916.297	29771.290	-1398371.000
32.105	0.000	350.052	978.756	27361.050	-1310078.000
32.691	0.000	350.052	1045.472	25179.380	-1227811.000
33.249	0.000	350.051	1116.736	23813.130	-1150908.000
33.780	0.000	350.051	1192.857	22321.550	-1077825.000
34.270	0.000	350.051	1274.167	20901.670	-1010303.000
34.722	0.000	350.050	1361.020	19779.400	-946395.700
35.186	0.000	350.050	1453.793	18355.910	-886825.800
35.574	0.000	350.050	1552.890	17041.090	-830873.400
36.048	0.000	350.050	1658.741	16029.100	-778600.100
36.387	0.000	350.050	1771.808	15124.680	-729509.600
36.769	0.000	350.050	1892.582	14124.860	-683462.600
37.153	0.000	350.049	2021.589	13205.060	-640368.700
37.476	0.000	350.049	2159.389	12341.040	-599943.100
37.835	0.000	350.049	2306.582	11589.200	-562165.500
38.164	0.000	350.049	2463.808	10847.810	-526837.900
38.528	0.000	350.049	2631.752	10165.960	-493656.300
38.795	0.000	350.049	2811.143	9567.121	-462448.900
39.100	0.000	350.049	3002.763	8925.235	-433320.600
39.412	0.000	350.049	3207.444	8390.624	-406041.000
39.673	0.000	350.049	3426.077	7867.943	-380445.600
39.922	0.000	350.049	3659.613	7351.373	-356466.500
40.158	0.000	350.049	3909.068	6900.681	-333861.400
40.489	0.000	350.049	4175.526	6532.437	-312910.100
40.829	0.000	350.049	4460.148	6046.874	-293118.600
41.172	0.000	350.049	4764.171	5678.687	-274742.100
41.467	0.000	350.049	5088.917	5383.841	-257363.300
41.780	0.000	350.048	5435.799	5023.601	-241197.500
42.081	0.000	350.048	5806.326	4654.778	-225987.800
42.423	0.000	350.048	6202.110	4463.684	-211688.400
42.738	0.000	350.048	6624.872	4207.567	-198456.800
43.073	0.000	350.048	7076.452	3924.575	-185904.500
43.385	0.000	350.048	7558.813	3711.873	-174244.300
43.716	0.000	350.048	8074.054	3447.698	-163200.700
44.066	0.000	350.048	8624.416	3243.780	-152914.500
44.459	0.000	350.048	9212.292	3016.412	-143300.500
44.731	0.000	350.048	9840.241	2878.000	-134256.700
44.964	0.000	350.048	10510.994	2664.076	-125799.900
45.255	0.000	350.048	11227.468	2510.768	-117877.800
45.535	0.000	350.048	11992.780	2399.992	-110446.200
45.827	0.000	350.048	12810.259	2252.860	-103466.900
46.104	0.000	350.048	13683.461	2110.772	-96962.740
46.382	0.000	350.048	14616.184	1996.366	-90850.550
46.699	0.000	350.048	15612.485	1886.550	-85125.990
46.977	0.000	350.048	16676.698	1760.879	-79776.660
47.202	0.000	350.048	17813.453	1672.125	-74751.600
47.490	0.000	350.048	19027.694	1575.765	-70044.190
47.730	0.000	350.048	20324.702	1465.538	-65639.990
48.036	0.000	350.048	21710.121	1417.482	-61497.070
48.332	0.000	350.048	23189.975	1314.046	-57620.100
48.558	0.000	350.048	24770.702	1259.122	-53999.240
48.826	0.000	350.048	26459.178	1172.764	-50604.570
49.125	0.000	350.048	28262.749	1109.807	-47423.910
49.356	0.000	350.048	30189.258	1023.133	-44438.060
49.616	0.000	350.048	32247.086	988.512	-41631.690
49.894	0.000	350.048	34445.185	935.026	-39010.250
50.175	0.000	350.048	36793.115	881.587	-36561.860
50.416	0.000	350.048	39301.090	829.808	-34256.060
50.721	0.000	350.048	41980.020	780.791	-32098.890
51.138	0.000	350.048	44841.556	745.843	-30081.260
51.498	0.000	350.049	47898.147	701.451	-28186.240
51.918	0.000	350.049	51163.089	666.495	-26427.080
52.258	0.000	350.050	54650.583	620.688	-24765.500
52.645	0.000	350.050	58375.799	589.118	-23202.090
52.911	0.000	350.050	62354.942	545.735	-21757.530
53.308	0.000	350.050	66605.320	528.774	-20379.570
53.635	0.000	350.050	71145.421	497.214	-19093.920
53.943	0.000	350.050	75994.996	477.073	-17887.860
54.197	0.000	350.050	81175.138	446.234	-16768.390
54.523	0.000	350.050	86708.381	417.774	-15714.810
54.795	0.000	350.050	92618.793	391.904	-14725.540
55.057	0.000	350.050	98932.084	366.015	-13795.810
55.368	0.000	350.050	105675.715	356.768	-12954.060
55.691	0.000	350.050	112879.022	340.540	-12123.040
56.009	0.000	350.050	120573.336	320.912	-11354.990
56.311	0.000	350.050	128792.127	321.044	-10680.620
56.626	0.000	350.050	137571.146	284.522	-9987.478
57.026	0.000	350.050	146948.581	267.896	-9354.425
57.353	0.000	350.050	156965.221	250.287	-8760.941
57.666	0.000	350.050	167664.638	247.948	-8201.494
58.023	0.000	350.050	179093.373	244.291	-7715.486
58.348	0.000	350.050	191301.139	225.167	-7220.143
58.714	0.000	350.050	204341.039	205.077	-6775.699
58.991	0.000	350.050	218269.793	195.135	-6346.135
59.381	0.000	350.050	233147.990	177.317	-5947.393
59.691	0.000	350.050	249040.349	173.004	-5572.103
60.004	0.000	350.050	266015.998	165.397	-5218.601
60.320	0.000	350.050	284148.780	155.416	-4892.008
60.579	0.000	350.050	303517.570	148.247	-4584.664
61.048	0.000	350.050	324206.618	141.643	-4296.503
61.418	0.000	350.050	346305.920	132.506	-4024.121
61.752	0.000	350.050	369911.605	126.766	-3768.052
62.058	0.000	350.050	395126.353	121.652	-3531.093
62.337	0.000	350.050	422059.846	116.982	-3313.094
62.660	0.000	350.050	450829.241	113.309	-3096.108
62.965	0.000	350.050	481559.679	105.823	-2903.575
63.275	0.000	350.050	514384.835	102.965	-2717.939
63.532	0.000	350.050	549447.493	116.292	-2537.058
63.835	0.000	350.050	586900.171	97.832	-2402.145
64.096	0.000	350.050	626905.783	87.903	-2243.572
64.403	0.000	350.050	669638.348	84.374	-2101.548
64.744	0.000	350.050	715283.746	79.936	-1967.555
65.010	0.000	350.050	764040.529	79.213	-1839.915
65.330	0.000	350.050	816120.781	74.608	-1724.878
65.645	0.000	350.050	871751.044	71.147	-1613.557
65.911	0.000	350.050	931173.304	73.028	-1508.373
66.236	0.000	350.050	994646.037	67.260	-1414.220
66.558	0.000	350.050	1062445.341	-5.515	-1313.035
66.819	0.000	350.050	1134866.134	-4.605	-1231.393
67.242	0.000	350.050	1212223.437	-6.064	-1151.544
67.520	0.000	350.050	1294853.743	-8.491	-1081.258
67.825	0.000	350.050	1383116.481	-13.934	-1005.961
68.217	0.000	350.050	1477395.584	-12.305	-940.050
68.636	0.000	350.050	1578101.150	-14.376	-878.568
68.935	0.000	350.050	1685671.237	-17.340	-819.469
69.215	0.000	350.050	1800573.758	-19.262	-764.048
69.588	0.000	350.050	1923308.524	-20.181	-710.388
69.964	0.000	350.050	2054409.414	-21.459	-661.410
70.303	0.000	350.050	2194446.698	-20.887	-616.172
70.644	0.000	350.050	2344029.518	-22.466	-571.801
70.926	0.000	350.050	2503808.540	-23.268	-530.467
71.263	0.000	350.050	2674478.780	-23.663	-491.482
71.669	0.000	350.050	2856782.629	-24.497	-454.195
72.017	0.000	350.050	3051513.084	-23.938	-419.283
72.348	0.000	350.050	3259517.196	-24.185	-385.863
72.657	0.000	350.050	3481699.752	-24.253	-354.351
73.015	0.000	350.050	3719027.216	-23.852	-324.026
73.351	0.000	350.050	3972531.929	-23.136	-295.450
73.635	0.000	350.050	4243316.602	-21.315	-268.790
73.887	0.000	350.050	4532559.110	-21.590	-243.469
74.236	0.000	350.050	4841517.618	-20.840	-218.953
74.631	0.000	350.050	5171536.051	-19.562	-195.316
75.040	0.000	350.050	5524049.945	-18.387	-172.752
75.377	0.000	350.050	5900592.685	-16.559	-150.988
75.679	0.000	350.050	6302802.180	-14.629	-130.971
75.955	0.000	350.050	6732427.985	-12.654	-111.393
76.306	0.000	350.050	7191338.911	-10.166	-92.798
76.585	0.000	350.050	7681531.159	-7.469	-75.312
76.921	0.000	350.050	8205136.995	-4.420	-58.815
77.318	0.000	350.050	8764434.032	-1.167	-43.512
77.711	0.000	350.050	9361855.135	2.330	-29.436
78.025	0.000	350.050	9999999.000	5.905	-16.676
