Time (s)	Light (A)	T (K)	f (Hz)	R (Ohm)	X (Ohm)
1.474	0.000	356.050	20.000	-562103.900	-53312840.000
2.857	0.000	356.050	21.363	2035942.000	-55113600.000
4.157	0.000	356.050	22.819	1815636.000	-51542300.000
5.380	0.000	356.049	24.375	1552528.000	-48330600.000
6.543	0.000	356.049	26.036	1383189.000	-45161410.000
7.650	0.000	356.048	27.811	1267610.000	-42288630.000
8.662	0.000	356.047	29.707	1245946.000	-39597590.000
9.687	0.000	356.047	31.732	1171226.000	-37096520.000
10.586	0.000	356.046	33.895	1150572.000	-34890660.000
11.432	0.000	356.046	36.205	901513.900	-32619370.000
12.230	0.000	356.046	38.673	943615.000	-30689390.000
13.227	0.000	356.046	41.309	815675.500	-28669710.000
14.150	0.000	356.046	44.125	621466.100	-26826930.000
14.987	0.000	356.046	47.133	578276.000	-25118550.000
15.774	0.000	356.046	50.346	405917.900	-23470270.000
16.516	0.000	356.046	53.777	515490.500	-22070550.000
17.216	0.000	356.047	57.443	534054.600	-20692620.000
17.874	0.000	356.047	61.359	544146.200	-19445310.000
18.495	0.000	356.047	65.541	481997.000	-18222850.000
19.081	0.000	356.047	70.009	463213.700	-17084820.000
19.633	0.000	356.047	74.781	424882.000	-16011820.000
20.206	0.000	356.047	79.878	383987.800	-14995900.000
20.697	0.000	356.047	85.323	364654.200	-14053770.000
21.186	0.000	356.047	91.139	332323.300	-13163380.000
21.664	0.000	356.048	97.352	323512.900	-12332410.000
22.096	0.000	356.048	103.987	294160.900	-11549830.000
22.544	0.000	356.048	111.076	271620.100	-10827620.000
23.008	0.000	356.048	118.647	248520.800	-10146230.000
23.460	0.000	356.047	126.735	229298.500	-9510314.000
23.925	0.000	356.047	135.373	209618.700	-8908967.000
24.297	0.000	356.048	144.601	202679.000	-8363932.000
24.696	0.000	356.048	154.458	190209.000	-7833595.000
25.019	0.000	356.048	164.986	174530.900	-7329542.000
25.413	0.000	356.048	176.232	163807.400	-6865826.000
25.751	0.000	356.048	188.245	151792.400	-6434496.000
26.002	0.000	356.048	201.077	138767.500	-6032932.000
26.378	0.000	356.048	214.783	130844.700	-5650878.000
26.689	0.000	356.048	229.423	123905.200	-5293488.000
26.927	0.000	356.048	245.062	117406.800	-4959876.000
27.198	0.000	356.048	261.766	105961.000	-4649080.000
27.500	0.000	356.048	279.609	97541.080	-4353830.000
27.765	0.000	356.048	298.669	90714.930	-4079364.000
28.037	0.000	356.048	319.027	84794.850	-3823069.000
28.303	0.000	356.048	340.773	80221.830	-3581283.000
28.576	0.000	356.048	364.002	73965.710	-3356260.000
28.830	0.000	356.048	388.814	68670.980	-3144410.000
29.085	0.000	356.048	415.317	64055.390	-2946388.000
29.346	0.000	356.048	443.627	60306.310	-2760758.000
29.554	0.000	356.048	473.866	55700.910	-2586732.000
29.836	0.000	356.048	506.167	51944.990	-2423905.000
30.079	0.000	356.049	540.670	49039.460	-2270710.000
30.373	0.000	356.049	577.524	45029.120	-2127702.000
30.587	0.000	356.049	616.890	42717.620	-1993861.000
30.787	0.000	356.049	658.940	39732.480	-1868274.000
31.036	0.000	356.049	703.857	36959.880	-1750392.000
31.302	0.000	356.049	751.834	34371.500	-1639821.000
31.534	0.000	356.049	803.083	32550.390	-1537027.000
31.740	0.000	356.050	857.824	30258.710	-1439690.000
31.967	0.000	356.050	916.297	28055.920	-1349266.000
32.261	0.000	356.050	978.756	26318.600	-1264075.000
32.857	0.000	356.050	1045.472	24536.670	-1184635.000
33.392	0.000	356.050	1116.736	22789.720	-1109961.000
33.876	0.000	356.050	1192.857	21366.390	-1039948.000
34.346	0.000	356.050	1274.167	19879.090	-974341.800
34.799	0.000	356.051	1361.020	18665.690	-912761.100
35.226	0.000	356.051	1453.793	17418.630	-855228.400
35.680	0.000	356.051	1552.890	16282.140	-801284.000
36.045	0.000	356.051	1658.741	15264.870	-750962.800
36.435	0.000	356.051	1771.808	14305.050	-703412.700
36.856	0.000	356.051	1892.582	13362.340	-659163.200
37.219	0.000	356.051	2021.589	12422.360	-617646.900
37.541	0.000	356.051	2159.389	11688.990	-578769.500
37.850	0.000	356.051	2306.582	10945.130	-542208.500
38.161	0.000	356.052	2463.808	10244.100	-507926.700
38.474	0.000	356.052	2631.752	9569.152	-475986.800
38.787	0.000	356.051	2811.143	9058.204	-445926.900
39.098	0.000	356.051	3002.763	8444.867	-417887.100
39.386	0.000	356.051	3207.444	7952.191	-391539.300
39.637	0.000	356.051	3426.077	7504.598	-366802.200
39.941	0.000	356.051	3659.613	7000.266	-343725.100
40.210	0.000	356.051	3909.068	6493.978	-321978.100
40.546	0.000	356.051	4175.526	6127.643	-301686.200
40.902	0.000	356.052	4460.148	5688.642	-282684.900
41.231	0.000	356.052	4764.171	5363.324	-264856.800
41.543	0.000	356.052	5088.917	5037.034	-248206.900
41.858	0.000	356.052	5435.799	4758.439	-232552.800
42.187	0.000	356.052	5806.326	4481.583	-217868.400
42.525	0.000	356.052	6202.110	4097.128	-204134.500
42.847	0.000	356.052	6624.872	3934.653	-191302.800
43.108	0.000	356.052	7076.452	3637.956	-179211.400
43.357	0.000	356.052	7558.813	3364.046	-167927.800
43.673	0.000	356.052	8074.054	3212.502	-157338.000
43.958	0.000	356.052	8624.416	3002.775	-147429.000
44.242	0.000	356.052	9212.292	2835.102	-138173.400
44.579	0.000	356.052	9840.241	2705.052	-129451.400
44.841	0.000	356.052	10510.994	2513.407	-121247.700
45.091	0.000	356.052	11227.468	2382.474	-113612.100
45.380	0.000	356.052	11992.780	2237.862	-106459.600
45.670	0.000	356.052	12810.259	2102.757	-99765.650
46.004	0.000	356.052	13683.461	1996.771	-93460.570
46.330	0.000	356.052	14616.184	1853.962	-87578.250
46.627	0.000	356.052	15612.485	1769.594	-82067.340
46.909	0.000	356.052	16676.698	1649.564	-76894.000
47.178	0.000	356.053	17813.453	1564.542	-72039.660
47.463	0.000	356.053	19027.694	1468.296	-67523.650
47.700	0.000	356.053	20324.702	1387.862	-63262.760
47.968	0.000	356.053	21710.121	1319.509	-59274.010
48.265	0.000	356.053	23189.975	1222.248	-55529.940
48.539	0.000	356.053	24770.702	1161.710	-52044.900
48.785	0.000	356.053	26459.178	1094.829	-48763.250
49.084	0.000	356.053	28262.749	1032.466	-45678.060
49.368	0.000	356.053	30189.258	1010.660	-42795.150
49.644	0.000	356.053	32247.086	934.239	-40108.800
49.919	0.000	356.053	34445.185	866.414	-37591.260
50.251	0.000	356.054	36793.115	825.985	-35228.620
50.544	0.000	356.054	39301.090	773.716	-33011.110
50.822	0.000	356.054	41980.020	732.337	-30920.640
51.258	0.000	356.054	44841.556	702.264	-28985.530
51.622	0.000	356.054	47898.147	654.870	-27156.910
52.033	0.000	356.054	51163.089	616.990	-25449.150
52.337	0.000	356.054	54650.583	585.883	-23855.530
52.750	0.000	356.054	58375.799	544.725	-22357.510
53.063	0.000	356.054	62354.942	514.395	-20964.900
53.504	0.000	356.054	66605.320	498.284	-19630.810
53.835	0.000	356.054	71145.421	462.022	-18397.710
54.152	0.000	356.054	75994.996	436.633	-17234.760
54.445	0.000	356.053	81175.138	418.088	-16132.130
54.736	0.000	356.053	86708.381	390.575	-15133.770
55.019	0.000	356.053	92618.793	374.364	-14186.910
55.340	0.000	356.053	98932.084	345.587	-13291.070
55.717	0.000	356.053	105675.715	326.597	-12454.290
56.009	0.000	356.053	112879.022	315.303	-11671.840
56.299	0.000	356.053	120573.336	303.549	-10932.530
56.676	0.000	356.053	128792.127	273.340	-10272.590
57.032	0.000	356.053	137571.146	269.344	-9612.385
57.422	0.000	356.052	146948.581	248.630	-9008.441
57.731	0.000	356.052	156965.221	235.035	-8436.374
58.002	0.000	356.052	167664.638	233.273	-7904.752
58.344	0.000	356.052	179093.373	223.839	-7425.126
58.681	0.000	356.052	191301.139	209.061	-6942.972
59.062	0.000	356.052	204341.039	193.067	-6521.954
59.376	0.000	356.052	218269.793	181.432	-6107.236
59.674	0.000	356.051	233147.990	170.541	-5727.268
59.982	0.000	356.051	249040.349	161.621	-5360.499
60.320	0.000	356.051	266015.998	155.635	-5022.968
60.561	0.000	356.051	284148.780	146.193	-4706.837
60.872	0.000	356.051	303517.570	139.360	-4411.594
61.294	0.000	356.050	324206.618	131.840	-4130.253
61.556	0.000	356.050	346305.920	124.417	-3872.806
61.872	0.000	356.050	369911.605	119.131	-3629.228
62.148	0.000	356.050	395126.353	113.218	-3397.016
62.463	0.000	356.050	422059.846	109.378	-3186.505
62.786	0.000	356.050	450829.241	106.430	-2980.077
63.113	0.000	356.050	481559.679	99.556	-2795.122
63.440	0.000	356.049	514384.835	96.079	-2616.297
63.683	0.000	356.049	549447.493	98.249	-2442.157
64.050	0.000	356.049	586900.171	93.141	-2309.777
64.359	0.000	356.049	626905.783	83.234	-2156.751
64.659	0.000	356.049	669638.348	80.190	-2019.547
64.983	0.000	356.049	715283.746	75.740	-1891.478
65.238	0.000	356.049	764040.529	76.422	-1767.395
65.558	0.000	356.049	816120.781	69.586	-1657.683
65.880	0.000	356.049	871751.044	67.621	-1551.248
66.131	0.000	356.049	931173.304	68.297	-1451.672
66.457	0.000	356.049	994646.037	63.247	-1358.845
66.788	0.000	356.049	1062445.341	-4.998	-1261.598
67.095	0.000	356.049	1134866.134	-5.206	-1183.570
67.491	0.000	356.049	1212223.437	-7.417	-1104.881
67.807	0.000	356.048	1294853.743	-9.541	-1037.514
68.171	0.000	356.048	1383116.481	-13.746	-965.863
68.598	0.000	356.048	1477395.584	-12.855	-901.955
69.092	0.000	356.048	1578101.150	-14.023	-843.942
69.331	0.000	356.048	1685671.237	-17.012	-786.772
69.638	0.000	356.048	1800573.758	-18.907	-733.292
70.014	0.000	356.048	1923308.524	-19.157	-682.413
70.278	0.000	356.048	2054409.414	-20.709	-634.475
70.621	0.000	356.048	2194446.698	-20.685	-591.048
70.982	0.000	356.048	2344029.518	-21.739	-548.598
71.336	0.000	356.048	2503808.540	-22.210	-508.514
71.662	0.000	356.048	2674478.780	-22.801	-471.023
72.044	0.000	356.047	2856782.629	-23.255	-434.934
72.361	0.000	356.047	3051513.084	-22.831	-401.517
72.626	0.000	356.047	3259517.196	-23.073	-369.357
72.954	0.000	356.047	3481699.752	-22.971	-338.938
73.290	0.000	356.047	3719027.216	-22.589	-309.685
73.582	0.000	356.046	3972531.929	-21.543	-282.103
73.858	0.000	356.046	4243316.602	-20.400	-257.009
74.233	0.000	356.046	4532559.110	-20.250	-232.019
74.555	0.000	356.046	4841517.618	-19.442	-208.393
74.829	0.000	356.046	5171536.051	-18.226	-185.652
75.262	0.000	356.046	5524049.945	-17.025	-163.875
75.554	0.000	356.045	5900592.685	-15.189	-142.961
75.816	0.000	356.045	6302802.180	-13.274	-123.483
76.232	0.000	356.045	6732427.985	-11.336	-104.642
76.521	0.000	356.045	7191338.911	-8.821	-86.703
76.798	0.000	356.044	7681531.159	-6.103	-69.849
77.042	0.000	356.044	8205136.995	-3.106	-54.001
77.417	0.000	356.044	8764434.032	0.037	-39.243
77.811	0.000	356.044	9361855.135	3.469	-25.702
78.062	0.000	356.044	9999999.000	6.972	-13.465
