Time (s)	Light (A)	T (K)	f (Hz)	R (Ohm)	X (Ohm)
1.475	0.000	358.051	20.000	-1880021.000	-63556520.000
2.860	0.000	358.052	21.363	2167088.000	-54032060.000
4.161	0.000	358.052	22.819	1671544.000	-50749340.000
5.383	0.000	358.052	24.375	1599983.000	-47578950.000
6.568	0.000	358.052	26.036	1479984.000	-44507090.000
7.647	0.000	358.052	27.811	1400740.000	-41742400.000
8.663	0.000	358.052	29.707	1313005.000	-39110910.000
9.616	0.000	358.053	31.732	1129433.000	-36726900.000
10.515	0.000	358.053	33.895	988067.700	-34284060.000
11.362	0.000	358.053	36.205	1069569.000	-32168010.000
12.161	0.000	358.052	38.673	941899.300	-30074900.000
13.116	0.000	358.052	41.309	817808.600	-28215090.000
14.033	0.000	358.052	44.125	659812.600	-26468940.000
14.868	0.000	358.051	47.133	535508.400	-24720180.000
15.656	0.000	358.051	50.346	394249.700	-23205550.000
16.398	0.000	358.051	53.777	466093.700	-21747770.000
17.098	0.000	358.052	57.443	508522.200	-20419860.000
17.767	0.000	358.052	61.359	515415.600	-19159400.000
18.388	0.000	358.052	65.541	485158.400	-17932940.000
18.976	0.000	358.051	70.009	437138.500	-16796010.000
19.528	0.000	358.051	74.781	411271.000	-15740140.000
20.051	0.000	358.051	79.878	397507.000	-14759890.000
20.569	0.000	358.052	85.323	348116.600	-13823080.000
21.046	0.000	358.052	91.139	337696.600	-12954440.000
21.516	0.000	358.052	97.352	297952.600	-12145170.000
21.982	0.000	358.051	103.987	283496.200	-11388410.000
22.409	0.000	358.051	111.076	264480.300	-10667190.000
22.852	0.000	358.051	118.647	251643.500	-9995942.000
23.266	0.000	358.051	126.735	228801.700	-9365319.000
23.663	0.000	358.051	135.373	216128.600	-8777448.000
24.064	0.000	358.050	144.601	211494.700	-8239196.000
24.423	0.000	358.050	154.458	200829.900	-7710481.000
24.751	0.000	358.050	164.986	173168.000	-7221685.000
25.111	0.000	358.050	176.232	159546.900	-6767515.000
25.419	0.000	358.050	188.245	145926.400	-6341117.000
25.717	0.000	358.050	201.077	139314.000	-5939930.000
25.999	0.000	358.050	214.783	130532.800	-5567100.000
26.287	0.000	358.050	229.423	122645.900	-5216290.000
26.553	0.000	358.050	245.062	111808.800	-4885687.000
26.917	0.000	358.050	261.766	101388.600	-4578452.000
27.200	0.000	358.049	279.609	96318.150	-4291451.000
27.483	0.000	358.049	298.669	89960.600	-4020720.000
27.721	0.000	358.049	319.027	84575.610	-3767990.000
27.981	0.000	358.049	340.773	79420.850	-3530860.000
28.235	0.000	358.049	364.002	73289.480	-3307947.000
28.487	0.000	358.049	388.814	68189.220	-3099572.000
28.745	0.000	358.049	415.317	63428.900	-2904156.000
29.003	0.000	358.048	443.627	59370.470	-2721014.000
29.267	0.000	358.048	473.866	54426.840	-2548955.000
29.484	0.000	358.048	506.167	51787.870	-2388470.000
29.818	0.000	358.048	540.670	48382.510	-2238349.000
30.061	0.000	358.048	577.524	45504.540	-2097435.000
30.411	0.000	358.048	616.890	41522.330	-1964888.000
30.651	0.000	358.048	658.940	39592.350	-1841544.000
30.952	0.000	358.048	703.857	36316.220	-1725011.000
31.201	0.000	358.048	751.834	34563.030	-1616774.000
31.438	0.000	358.048	803.083	32073.940	-1514328.000
31.646	0.000	358.048	857.824	29539.420	-1418886.000
31.837	0.000	358.048	916.297	27781.850	-1329291.000
32.093	0.000	358.048	978.756	26083.550	-1245589.000
32.677	0.000	358.048	1045.472	24260.660	-1167307.000
33.203	0.000	358.048	1116.736	22702.690	-1093869.000
33.777	0.000	358.048	1192.857	21135.870	-1025002.000
34.253	0.000	358.048	1274.167	19517.040	-960349.400
34.689	0.000	358.048	1361.020	18288.360	-899851.000
35.144	0.000	358.048	1453.793	17128.550	-843093.500
35.581	0.000	358.048	1552.890	16074.610	-789878.500
36.024	0.000	358.048	1658.741	15004.590	-740136.900
36.359	0.000	358.048	1771.808	13951.330	-693407.000
36.716	0.000	358.048	1892.582	13237.510	-649696.200
37.040	0.000	358.048	2021.589	12254.410	-608816.200
37.367	0.000	358.048	2159.389	11557.940	-570403.100
37.697	0.000	358.048	2306.582	10808.750	-534426.400
38.052	0.000	358.048	2463.808	10159.920	-500775.900
38.367	0.000	358.048	2631.752	9486.090	-469187.000
38.662	0.000	358.048	2811.143	8880.521	-439559.500
38.989	0.000	358.048	3002.763	8312.684	-411853.900
39.286	0.000	358.048	3207.444	7921.450	-385871.700
39.540	0.000	358.048	3426.077	7285.663	-361577.100
39.783	0.000	358.048	3659.613	6909.683	-338757.800
40.063	0.000	358.048	3909.068	6472.701	-317370.900
40.404	0.000	358.048	4175.526	6138.795	-297360.700
40.758	0.000	358.048	4460.148	5699.880	-278569.300
41.061	0.000	358.048	4764.171	5373.110	-261054.600
41.380	0.000	358.048	5088.917	5055.169	-244614.900
41.675	0.000	358.048	5435.799	4722.276	-229233.700
41.984	0.000	358.048	5806.326	4447.185	-214751.000
42.256	0.000	358.048	6202.110	4086.887	-201176.100
42.523	0.000	358.048	6624.872	3915.113	-188492.700
42.839	0.000	358.048	7076.452	3635.284	-176605.000
43.131	0.000	358.048	7558.813	3410.660	-165488.300
43.463	0.000	358.048	8074.054	3173.386	-155022.300
43.766	0.000	358.048	8624.416	3014.198	-145279.600
44.108	0.000	358.048	9212.292	2858.429	-136118.300
44.376	0.000	358.048	9840.241	2642.457	-127569.000
44.619	0.000	358.048	10510.994	2504.306	-119510.600
44.892	0.000	358.048	11227.468	2386.537	-111972.100
45.174	0.000	358.048	11992.780	2248.858	-104897.400
45.423	0.000	358.048	12810.259	2095.785	-98279.530
45.719	0.000	358.048	13683.461	1995.995	-92130.720
46.016	0.000	358.048	14616.184	1886.661	-86278.640
46.303	0.000	358.048	15612.485	1751.944	-80841.290
46.562	0.000	358.048	16676.698	1656.379	-75756.900
46.882	0.000	358.048	17813.453	1560.869	-71004.560
47.160	0.000	358.048	19027.694	1463.940	-66524.400
47.484	0.000	358.048	20324.702	1375.450	-62346.260
47.768	0.000	358.048	21710.121	1306.569	-58392.550
48.037	0.000	358.048	23189.975	1210.759	-54735.760
48.309	0.000	358.048	24770.702	1152.381	-51296.100
48.579	0.000	358.048	26459.178	1092.503	-48067.220
48.856	0.000	358.048	28262.749	1007.929	-45032.760
49.108	0.000	358.048	30189.258	955.009	-42179.430
49.388	0.000	358.048	32247.086	903.603	-39540.680
49.668	0.000	358.048	34445.185	857.903	-37046.500
49.954	0.000	358.048	36793.115	811.546	-34714.750
50.271	0.000	358.048	39301.090	770.715	-32538.090
50.532	0.000	358.048	41980.020	720.410	-30491.490
50.936	0.000	358.048	44841.556	677.747	-28567.870
51.334	0.000	358.048	47898.147	644.385	-26776.140
51.743	0.000	358.048	51163.089	606.407	-25092.250
52.043	0.000	358.048	54650.583	576.701	-23509.550
52.379	0.000	358.048	58375.799	538.730	-22025.420
52.636	0.000	358.048	62354.942	526.951	-20650.450
53.053	0.000	358.048	66605.320	475.801	-19350.380
53.343	0.000	358.048	71145.421	453.936	-18130.070
53.678	0.000	358.048	75994.996	432.401	-16993.250
54.007	0.000	358.048	81175.138	386.517	-15916.820
54.302	0.000	358.047	86708.381	378.871	-14921.100
54.578	0.000	358.047	92618.793	366.737	-13979.900
54.901	0.000	358.047	98932.084	337.761	-13094.210
55.183	0.000	358.047	105675.715	316.977	-12293.050
55.492	0.000	358.047	112879.022	299.772	-11507.980
55.794	0.000	358.047	120573.336	280.616	-10793.330
56.165	0.000	358.047	128792.127	293.325	-10106.020
56.425	0.000	358.048	137571.146	256.894	-9470.665
56.793	0.000	358.048	146948.581	243.258	-8876.807
57.117	0.000	358.048	156965.221	226.442	-8320.068
57.430	0.000	358.048	167664.638	222.187	-7790.470
57.743	0.000	358.047	179093.373	219.442	-7315.741
58.049	0.000	358.047	191301.139	211.171	-6838.906
58.342	0.000	358.047	204341.039	185.599	-6426.663
58.620	0.000	358.047	218269.793	176.661	-6016.937
58.945	0.000	358.047	233147.990	172.002	-5632.919
59.193	0.000	358.047	249040.349	158.301	-5282.124
59.528	0.000	358.046	266015.998	151.833	-4950.962
59.871	0.000	358.046	284148.780	144.014	-4639.740
60.146	0.000	358.046	303517.570	133.941	-4347.640
60.580	0.000	358.046	324206.618	128.579	-4070.924
60.900	0.000	358.046	346305.920	122.867	-3816.096
61.222	0.000	358.046	369911.605	115.169	-3573.322
61.535	0.000	358.047	395126.353	113.148	-3347.842
61.806	0.000	358.047	422059.846	107.327	-3139.572
62.159	0.000	358.047	450829.241	103.428	-2936.897
62.452	0.000	358.047	481559.679	96.314	-2753.310
62.748	0.000	358.047	514384.835	92.813	-2579.168
63.037	0.000	358.047	549447.493	92.820	-2408.415
63.284	0.000	358.047	586900.171	90.320	-2274.073
63.559	0.000	358.048	626905.783	82.024	-2123.253
63.903	0.000	358.048	669638.348	77.718	-1988.318
64.228	0.000	358.048	715283.746	73.514	-1862.490
64.468	0.000	358.048	764040.529	71.502	-1742.521
64.766	0.000	358.048	816120.781	68.052	-1632.225
65.122	0.000	358.048	871751.044	65.584	-1527.323
65.364	0.000	358.048	931173.304	66.819	-1429.466
65.678	0.000	358.048	994646.037	61.616	-1338.591
65.967	0.000	358.048	1062445.341	-5.721	-1242.453
66.224	0.000	358.048	1134866.134	-5.541	-1164.392
66.680	0.000	358.048	1212223.437	-7.807	-1087.039
67.039	0.000	358.048	1294853.743	-9.483	-1021.376
67.384	0.000	358.048	1383116.481	-13.404	-950.780
67.834	0.000	358.048	1477395.584	-13.244	-887.464
68.340	0.000	358.048	1578101.150	-13.686	-830.929
68.612	0.000	358.048	1685671.237	-16.778	-774.416
68.943	0.000	358.048	1800573.758	-18.823	-721.453
69.338	0.000	358.048	1923308.524	-18.983	-671.707
69.632	0.000	358.048	2054409.414	-20.132	-624.515
69.892	0.000	358.048	2194446.698	-20.729	-581.485
70.243	0.000	358.048	2344029.518	-21.425	-539.678
70.507	0.000	358.048	2503808.540	-22.054	-500.467
70.758	0.000	358.048	2674478.780	-22.426	-463.294
71.168	0.000	358.048	2856782.629	-22.800	-427.772
71.433	0.000	358.048	3051513.084	-22.565	-394.827
71.770	0.000	358.048	3259517.196	-22.680	-363.012
72.136	0.000	358.048	3481699.752	-22.590	-333.009
72.414	0.000	358.048	3719027.216	-22.110	-304.159
72.673	0.000	358.048	3972531.929	-21.025	-277.041
73.098	0.000	358.048	4243316.602	-20.080	-252.426
73.365	0.000	358.048	4532559.110	-19.731	-227.789
73.624	0.000	358.049	4841517.618	-18.957	-204.348
73.898	0.000	358.049	5171536.051	-17.679	-182.000
74.364	0.000	358.049	5524049.945	-16.485	-160.501
74.612	0.000	358.049	5900592.685	-14.701	-139.821
75.013	0.000	358.049	6302802.180	-12.752	-120.655
75.302	0.000	358.049	6732427.985	-10.792	-102.073
75.578	0.000	358.050	7191338.911	-8.300	-84.380
75.931	0.000	358.050	7681531.159	-5.568	-67.760
76.277	0.000	358.050	8205136.995	-2.613	-52.173
76.592	0.000	358.050	8764434.032	0.514	-37.631
76.978	0.000	358.050	9361855.135	3.898	-24.261
77.376	0.000	358.050	9999999.000	7.384	-12.233
