Time (s)	Light (A)	T (K)	f (Hz)	R (Ohm)	X (Ohm)
1.472	0.000	376.040	20.000	-2185906.000	-52329400.000
2.886	0.000	376.041	21.363	1631215.000	-46353620.000
4.208	0.000	376.041	22.819	1495353.000	-43552720.000
5.428	0.000	376.041	24.375	1404764.000	-40803070.000
6.574	0.000	376.041	26.036	1332971.000	-38169920.000
7.653	0.000	376.041	27.811	1253106.000	-35826720.000
8.674	0.000	376.041	29.707	1066220.000	-33578230.000
9.667	0.000	376.041	31.732	1035183.000	-31354850.000
10.564	0.000	376.041	33.895	1012845.000	-29439520.000
11.411	0.000	376.042	36.205	851576.500	-27601330.000
12.209	0.000	376.042	38.673	846407.600	-25882090.000
13.153	0.000	376.042	41.309	770230.200	-24217580.000
14.040	0.000	376.042	44.125	622811.200	-22666670.000
14.903	0.000	376.042	47.133	527736.400	-21277790.000
15.690	0.000	376.041	50.346	438971.100	-19825630.000
16.430	0.000	376.041	53.777	464191.800	-18698920.000
17.130	0.000	376.042	57.443	476880.500	-17543590.000
17.789	0.000	376.042	61.359	460339.700	-16445990.000
18.408	0.000	376.041	65.541	437173.000	-15384280.000
18.994	0.000	376.041	70.009	401356.900	-14440140.000
19.563	0.000	376.041	74.781	374674.900	-13520980.000
20.134	0.000	376.041	79.878	343466.500	-12662970.000
20.652	0.000	376.041	85.323	317017.600	-11874070.000
21.118	0.000	376.040	91.139	295170.600	-11128070.000
21.581	0.000	376.040	97.352	276028.200	-10430140.000
22.044	0.000	376.040	103.987	257635.000	-9767532.000
22.518	0.000	376.040	111.076	237547.500	-9154802.000
22.979	0.000	376.040	118.647	218084.900	-8584739.000
23.394	0.000	376.040	126.735	205465.900	-8042497.000
23.788	0.000	376.040	135.373	192523.800	-7541701.000
24.116	0.000	376.039	144.601	180842.700	-7079173.000
24.514	0.000	376.039	154.458	153497.800	-6614218.000
24.863	0.000	376.039	164.986	155401.000	-6203006.000
25.147	0.000	376.038	176.232	144558.100	-5812413.000
25.471	0.000	376.038	188.245	133270.600	-5445361.000
25.844	0.000	376.038	201.077	123782.700	-5104296.000
26.133	0.000	376.038	214.783	115098.900	-4782900.000
26.427	0.000	376.037	229.423	105962.100	-4482886.000
26.673	0.000	376.037	245.062	100113.900	-4198856.000
26.978	0.000	376.037	261.766	92824.220	-3936376.000
27.214	0.000	376.037	279.609	86133.580	-3688321.000
27.509	0.000	376.037	298.669	79460.240	-3456406.000
27.746	0.000	376.037	319.027	73323.790	-3236989.000
28.006	0.000	376.037	340.773	67916.550	-3034119.000
28.262	0.000	376.037	364.002	64662.700	-2842244.000
28.563	0.000	376.037	388.814	59228.560	-2663526.000
28.794	0.000	376.037	415.317	55392.640	-2495815.000
29.030	0.000	376.037	443.627	50931.080	-2338820.000
29.283	0.000	376.037	473.866	47818.160	-2190537.000
29.552	0.000	376.037	506.167	45392.720	-2053462.000
29.757	0.000	376.037	540.670	41574.360	-1923900.000
30.029	0.000	376.037	577.524	38404.170	-1802216.000
30.272	0.000	376.038	616.890	36523.380	-1689281.000
30.465	0.000	376.038	658.940	33859.460	-1582603.000
30.745	0.000	376.038	703.857	31330.670	-1482870.000
30.965	0.000	376.038	751.834	29085.500	-1389154.000
31.191	0.000	376.038	803.083	27298.130	-1301876.000
31.397	0.000	376.038	857.824	25278.230	-1219726.000
31.593	0.000	376.038	916.297	23662.350	-1142729.000
31.846	0.000	376.038	978.756	22093.400	-1070764.000
32.467	0.000	376.038	1045.472	20449.670	-1003224.000
33.016	0.000	376.038	1116.736	19165.020	-940094.700
33.569	0.000	376.039	1192.857	17936.660	-880665.600
34.050	0.000	376.039	1274.167	16653.510	-825246.500
34.486	0.000	376.039	1361.020	15698.350	-773316.400
34.926	0.000	376.039	1453.793	14562.470	-724475.500
35.333	0.000	376.039	1552.890	13466.270	-678780.800
35.748	0.000	376.039	1658.741	12709.350	-635975.600
36.105	0.000	376.039	1771.808	11776.080	-595897.500
36.472	0.000	376.039	1892.582	11075.710	-558295.300
36.801	0.000	376.039	2021.589	10365.490	-523185.300
37.143	0.000	376.039	2159.389	9608.147	-490110.800
37.469	0.000	376.039	2306.582	9027.442	-459201.900
37.828	0.000	376.039	2463.808	8433.927	-430272.800
38.144	0.000	376.040	2631.752	7869.995	-403104.500
38.462	0.000	376.040	2811.143	7373.127	-377735.600
38.764	0.000	376.040	3002.763	6865.152	-353849.400
39.062	0.000	376.040	3207.444	6437.614	-331574.400
39.374	0.000	376.040	3426.077	6002.839	-310680.500
39.671	0.000	376.040	3659.613	5634.255	-291053.700
39.981	0.000	376.040	3909.068	5278.255	-272663.600
40.345	0.000	376.040	4175.526	4999.202	-255503.200
40.725	0.000	376.040	4460.148	4594.089	-239319.000
41.059	0.000	376.040	4764.171	4356.283	-224235.600
41.410	0.000	376.040	5088.917	4059.574	-210144.700
41.724	0.000	376.040	5435.799	3821.947	-196866.800
41.998	0.000	376.040	5806.326	3534.364	-184457.700
42.258	0.000	376.040	6202.110	3342.631	-172826.600
42.563	0.000	376.040	6624.872	3096.353	-161890.300
42.863	0.000	376.040	7076.452	2903.507	-151668.900
43.199	0.000	376.040	7558.813	2729.017	-142130.400
43.537	0.000	376.040	8074.054	2606.779	-133159.700
43.867	0.000	376.040	8624.416	2450.578	-124751.200
44.197	0.000	376.040	9212.292	2227.347	-116939.300
44.496	0.000	376.040	9840.241	2160.076	-109481.200
44.754	0.000	376.040	10510.994	1994.734	-102598.600
45.015	0.000	376.040	11227.468	1884.659	-96141.520
45.282	0.000	376.039	11992.780	1778.697	-90057.470
45.559	0.000	376.039	12810.259	1643.543	-84391.290
45.799	0.000	376.039	13683.461	1544.537	-79063.730
46.089	0.000	376.039	14616.184	1455.162	-74080.270
46.339	0.000	376.039	15612.485	1380.202	-69407.720
46.597	0.000	376.039	16676.698	1282.038	-65026.850
46.846	0.000	376.039	17813.453	1201.755	-60933.090
47.174	0.000	376.039	19027.694	1130.257	-57085.990
47.537	0.000	376.039	20324.702	1082.737	-53499.180
47.807	0.000	376.039	21710.121	1020.605	-50122.750
48.051	0.000	376.039	23189.975	938.431	-46968.460
48.343	0.000	376.039	24770.702	894.260	-43975.820
48.642	0.000	376.039	26459.178	833.923	-41216.860
48.994	0.000	376.039	28262.749	788.866	-38618.200
49.274	0.000	376.039	30189.258	758.615	-36169.650
49.510	0.000	376.039	32247.086	683.699	-33908.290
49.797	0.000	376.039	34445.185	656.857	-31755.120
50.058	0.000	376.039	36793.115	611.908	-29769.300
50.284	0.000	376.039	39301.090	587.664	-27880.870
50.545	0.000	376.039	41980.020	549.937	-26126.510
50.904	0.000	376.039	44841.556	521.062	-24480.360
51.324	0.000	376.039	47898.147	490.891	-22940.700
51.740	0.000	376.039	51163.089	468.262	-21480.020
52.050	0.000	376.039	54650.583	430.887	-20139.120
52.451	0.000	376.039	58375.799	413.738	-18868.490
52.762	0.000	376.039	62354.942	404.272	-17686.720
53.232	0.000	376.039	66605.320	370.199	-16565.990
53.538	0.000	376.039	71145.421	346.531	-15519.200
53.818	0.000	376.039	75994.996	325.466	-14544.690
54.167	0.000	376.039	81175.138	306.523	-13630.910
54.541	0.000	376.039	86708.381	292.805	-12763.960
54.863	0.000	376.039	92618.793	275.487	-11963.800
55.165	0.000	376.039	98932.084	261.323	-11208.820
55.473	0.000	376.039	105675.715	253.554	-10495.850
55.761	0.000	376.039	112879.022	234.680	-9847.884
56.058	0.000	376.038	120573.336	217.415	-9226.299
56.348	0.000	376.038	128792.127	221.420	-8642.083
56.681	0.000	376.038	137571.146	194.547	-8102.465
57.076	0.000	376.039	146948.581	183.301	-7590.331
57.418	0.000	376.039	156965.221	172.368	-7114.428
57.737	0.000	376.039	167664.638	166.361	-6663.208
58.007	0.000	376.039	179093.373	158.085	-6242.166
58.345	0.000	376.040	191301.139	152.246	-5851.990
58.672	0.000	376.040	204341.039	144.444	-5481.702
58.992	0.000	376.040	218269.793	135.705	-5135.817
59.293	0.000	376.040	233147.990	122.160	-4806.197
59.586	0.000	376.040	249040.349	123.116	-4510.310
60.002	0.000	376.041	266015.998	117.077	-4225.642
60.326	0.000	376.041	284148.780	111.192	-3957.968
60.638	0.000	376.041	303517.570	105.399	-3709.280
61.118	0.000	376.041	324206.618	100.228	-3474.291
61.430	0.000	376.041	346305.920	95.286	-3255.449
61.739	0.000	376.041	369911.605	92.436	-3051.380
62.036	0.000	376.041	395126.353	86.907	-2857.099
62.314	0.000	376.041	422059.846	82.817	-2676.447
62.636	0.000	376.041	450829.241	79.339	-2507.441
62.947	0.000	376.041	481559.679	75.768	-2348.715
63.280	0.000	376.041	514384.835	73.346	-2199.381
63.532	0.000	376.041	549447.493	70.061	-2059.415
63.829	0.000	376.041	586900.171	67.260	-1929.713
64.118	0.000	376.041	626905.783	63.690	-1806.148
64.442	0.000	376.041	669638.348	61.647	-1690.778
64.691	0.000	376.041	715283.746	60.755	-1583.911
65.031	0.000	376.042	764040.529	61.087	-1480.837
65.316	0.000	376.042	816120.781	54.771	-1388.933
65.567	0.000	376.042	871751.044	53.704	-1298.648
65.852	0.000	376.042	931173.304	51.048	-1215.272
66.107	0.000	376.043	994646.037	49.402	-1136.531
66.498	0.000	376.043	1062445.341	-6.258	-1053.587
66.820	0.000	376.043	1134866.134	-8.578	-990.961
67.263	0.000	376.043	1212223.437	-8.996	-924.713
67.512	0.000	376.043	1294853.743	-10.351	-865.540
67.857	0.000	376.043	1383116.481	-12.896	-806.444
68.247	0.000	376.043	1477395.584	-13.497	-752.543
68.725	0.000	376.043	1578101.150	-14.849	-701.746
69.006	0.000	376.042	1685671.237	-15.019	-653.994
69.261	0.000	376.042	1800573.758	-15.428	-609.541
69.659	0.000	376.042	1923308.524	-16.776	-567.088
69.962	0.000	376.042	2054409.414	-17.475	-526.888
70.242	0.000	376.042	2194446.698	-17.244	-490.549
70.545	0.000	376.042	2344029.518	-18.340	-454.120
70.814	0.000	376.042	2503808.540	-18.102	-420.742
71.143	0.000	376.042	2674478.780	-18.744	-388.574
71.548	0.000	376.042	2856782.629	-18.707	-358.346
71.836	0.000	376.042	3051513.084	-18.358	-329.837
72.099	0.000	376.042	3259517.196	-18.202	-302.831
72.399	0.000	376.041	3481699.752	-17.784	-276.867
72.687	0.000	376.041	3719027.216	-16.678	-252.919
72.963	0.000	376.041	3972531.929	-16.020	-229.631
73.357	0.000	376.041	4243316.602	-15.864	-207.843
73.668	0.000	376.040	4532559.110	-15.066	-186.538
73.946	0.000	376.040	4841517.618	-14.127	-166.172
74.280	0.000	376.040	5171536.051	-12.900	-146.577
74.737	0.000	376.040	5524049.945	-11.442	-128.183
75.000	0.000	376.040	5900592.685	-9.624	-110.433
75.305	0.000	376.040	6302802.180	-7.843	-93.752
75.597	0.000	376.040	6732427.985	-5.801	-77.610
75.868	0.000	376.040	7191338.911	-3.357	-62.338
76.210	0.000	376.040	7681531.159	-0.777	-48.083
76.507	0.000	376.040	8205136.995	1.919	-34.641
76.834	0.000	376.040	8764434.032	4.875	-22.152
77.257	0.000	376.040	9361855.135	7.999	-10.711
77.622	0.000	376.040	9999999.000	11.253	-0.457
