Time (s)	Light (A)	T (K)	f (Hz)	R (Ohm)	X (Ohm)
1.475	0.000	390.044	20.000	853494.700	-44302070.000
2.858	0.000	390.044	21.363	1753042.000	-45272390.000
4.159	0.000	390.044	22.819	1641827.000	-42317950.000
5.378	0.000	390.044	24.375	1452042.000	-39668960.000
6.552	0.000	390.044	26.036	1407340.000	-37136890.000
7.631	0.000	390.044	27.811	1289945.000	-34884200.000
8.646	0.000	390.044	29.707	1185459.000	-32714200.000
9.601	0.000	390.043	31.732	1060258.000	-30692250.000
10.499	0.000	390.043	33.895	973303.000	-28687740.000
11.387	0.000	390.043	36.205	863586.700	-26924240.000
12.186	0.000	390.043	38.673	902886.700	-25287900.000
13.138	0.000	390.043	41.309	756062.000	-23611680.000
14.026	0.000	390.043	44.125	640539.300	-22142690.000
14.863	0.000	390.043	47.133	541143.000	-20688500.000
15.652	0.000	390.043	50.346	436768.300	-19459560.000
16.407	0.000	390.044	53.777	468796.000	-18214920.000
17.105	0.000	390.044	57.443	494581.400	-17090470.000
17.763	0.000	390.045	61.359	492432.700	-16035220.000
18.383	0.000	390.045	65.541	464962.200	-15008690.000
18.971	0.000	390.046	70.009	427654.600	-14069400.000
19.530	0.000	390.046	74.781	399654.100	-13185430.000
20.075	0.000	390.045	79.878	370712.600	-12372660.000
20.605	0.000	390.045	85.323	348702.300	-11584910.000
21.070	0.000	390.045	91.139	319804.000	-10864200.000
21.526	0.000	390.045	97.352	292041.600	-10179170.000
22.029	0.000	390.046	103.987	274409.000	-9542401.000
22.506	0.000	390.046	111.076	252795.000	-8944177.000
22.990	0.000	390.046	118.647	234775.800	-8386859.000
23.460	0.000	390.046	126.735	218174.400	-7856778.000
23.830	0.000	390.046	135.373	200285.500	-7355291.000
24.237	0.000	390.046	144.601	179919.700	-6888764.000
24.573	0.000	390.046	154.458	161773.700	-6471455.000
25.004	0.000	390.046	164.986	162326.400	-6060765.000
25.417	0.000	390.046	176.232	148641.400	-5677287.000
25.724	0.000	390.046	188.245	139530.700	-5322221.000
26.015	0.000	390.046	201.077	131498.700	-4985632.000
26.341	0.000	390.046	214.783	120779.800	-4673526.000
26.633	0.000	390.046	229.423	112717.500	-4379915.000
26.934	0.000	390.046	245.062	106763.300	-4106463.000
27.199	0.000	390.046	261.766	98861.100	-3846731.000
27.481	0.000	390.046	279.609	90000.940	-3603776.000
27.720	0.000	390.046	298.669	83834.000	-3375485.000
28.096	0.000	390.046	319.027	77433.200	-3165001.000
28.395	0.000	390.046	340.773	72394.410	-2965412.000
28.632	0.000	390.046	364.002	67489.370	-2778541.000
28.903	0.000	390.046	388.814	62515.730	-2604164.000
29.150	0.000	390.046	415.317	58140.350	-2439889.000
29.484	0.000	390.046	443.627	53529.740	-2286524.000
29.747	0.000	390.047	473.866	50949.240	-2142375.000
29.986	0.000	390.047	506.167	47191.650	-2007343.000
30.245	0.000	390.047	540.670	43442.620	-1881475.000
30.538	0.000	390.047	577.524	40906.190	-1762998.000
30.793	0.000	390.047	616.890	37406.590	-1651839.000
31.035	0.000	390.047	658.940	35030.540	-1547856.000
31.334	0.000	390.047	703.857	32729.900	-1450231.000
31.585	0.000	390.046	751.834	30873.760	-1359116.000
31.842	0.000	390.046	803.083	28516.390	-1272778.000
32.089	0.000	390.046	857.824	26526.670	-1193214.000
32.342	0.000	390.046	916.297	24760.850	-1118127.000
32.575	0.000	390.046	978.756	22934.700	-1047481.000
33.163	0.000	390.046	1045.472	21510.730	-981741.500
33.710	0.000	390.045	1116.736	19873.420	-919983.900
34.266	0.000	390.045	1192.857	18555.480	-862074.700
34.747	0.000	390.045	1274.167	17211.590	-807914.400
35.183	0.000	390.045	1361.020	16289.520	-756974.400
35.602	0.000	390.044	1453.793	15078.000	-709255.400
36.039	0.000	390.044	1552.890	14062.380	-664665.900
36.438	0.000	390.044	1658.741	13122.330	-622787.100
36.832	0.000	390.044	1771.808	12117.640	-583567.100
37.214	0.000	390.044	1892.582	11481.350	-546772.700
37.595	0.000	390.044	2021.589	10588.940	-512344.600
37.928	0.000	390.044	2159.389	9857.041	-479946.900
38.281	0.000	390.044	2306.582	9184.505	-449704.500
38.647	0.000	390.044	2463.808	8568.154	-421452.100
38.966	0.000	390.044	2631.752	7987.730	-394817.300
39.336	0.000	390.044	2811.143	7450.644	-369923.100
39.590	0.000	390.044	3002.763	6967.186	-346636.200
39.881	0.000	390.044	3207.444	6475.620	-324784.900
40.185	0.000	390.044	3426.077	6071.872	-304182.300
40.465	0.000	390.044	3659.613	5640.427	-284982.100
40.768	0.000	390.044	3909.068	5286.251	-266939.500
41.160	0.000	390.044	4175.526	4911.690	-250123.800
41.473	0.000	390.044	4460.148	4567.115	-234323.000
41.877	0.000	390.043	4764.171	4255.036	-219607.700
42.204	0.000	390.043	5088.917	4013.186	-205738.700
42.512	0.000	390.043	5435.799	3746.246	-192758.900
42.831	0.000	390.043	5806.326	3502.954	-180606.100
43.104	0.000	390.043	6202.110	3254.508	-169229.000
43.378	0.000	390.043	6624.872	2991.080	-158516.800
43.684	0.000	390.044	7076.452	2847.591	-148461.800
43.974	0.000	390.044	7558.813	2607.665	-139210.500
44.318	0.000	390.044	8074.054	2500.270	-130351.000
44.635	0.000	390.044	8624.416	2288.115	-122195.600
44.933	0.000	390.044	9212.292	2180.429	-114461.300
45.228	0.000	390.044	9840.241	2039.783	-107197.000
45.496	0.000	390.044	10510.994	1908.400	-100453.000
45.810	0.000	390.044	11227.468	1777.663	-94108.640
46.082	0.000	390.044	11992.780	1664.870	-88170.150
46.337	0.000	390.044	12810.259	1579.664	-82600.220
46.627	0.000	390.044	13683.461	1478.415	-77410.030
46.898	0.000	390.044	14616.184	1377.334	-72517.860
47.170	0.000	390.044	15612.485	1298.958	-67952.140
47.435	0.000	390.044	16676.698	1219.273	-63660.260
47.704	0.000	390.044	17813.453	1134.376	-59629.220
47.994	0.000	390.044	19027.694	1076.544	-55873.550
48.268	0.000	390.044	20324.702	997.984	-52347.460
48.520	0.000	390.044	21710.121	969.096	-49066.700
48.810	0.000	390.044	23189.975	874.174	-45947.510
49.092	0.000	390.044	24770.702	839.606	-43048.090
49.344	0.000	390.044	26459.178	783.220	-40329.510
49.656	0.000	390.044	28262.749	728.899	-37796.940
49.932	0.000	390.044	30189.258	688.146	-35394.610
50.277	0.000	390.044	32247.086	658.133	-33165.630
50.554	0.000	390.044	34445.185	616.531	-31074.960
50.797	0.000	390.044	36793.115	580.410	-29116.110
51.087	0.000	390.044	39301.090	541.875	-27278.650
51.310	0.000	390.044	41980.020	514.135	-25557.390
51.801	0.000	390.044	44841.556	487.219	-23946.030
52.211	0.000	390.044	47898.147	457.843	-22441.020
52.627	0.000	390.044	51163.089	424.838	-21028.890
52.928	0.000	390.044	54650.583	409.086	-19693.830
53.354	0.000	390.044	58375.799	379.038	-18454.320
53.644	0.000	390.044	62354.942	347.721	-17282.510
54.053	0.000	390.044	66605.320	343.151	-16198.460
54.361	0.000	390.044	71145.421	328.113	-15181.750
54.641	0.000	390.044	75994.996	304.623	-14219.050
54.939	0.000	390.044	81175.138	282.053	-13322.980
55.274	0.000	390.044	86708.381	271.638	-12486.970
55.580	0.000	390.044	92618.793	251.663	-11693.190
55.883	0.000	390.044	98932.084	235.254	-10960.180
56.180	0.000	390.044	105675.715	217.904	-10269.420
56.502	0.000	390.044	112879.022	225.720	-9620.400
56.809	0.000	390.044	120573.336	211.622	-9025.266
57.142	0.000	390.044	128792.127	199.112	-8428.425
57.433	0.000	390.044	137571.146	182.266	-7914.549
57.809	0.000	390.044	146948.581	172.055	-7414.315
58.087	0.000	390.044	156965.221	164.731	-6949.376
58.395	0.000	390.044	167664.638	152.513	-6513.501
58.734	0.000	390.044	179093.373	146.075	-6096.943
59.061	0.000	390.044	191301.139	142.645	-5714.895
59.440	0.000	390.044	204341.039	132.536	-5356.400
59.674	0.000	390.044	218269.793	124.061	-5018.990
60.022	0.000	390.044	233147.990	116.888	-4699.791
60.300	0.000	390.044	249040.349	116.643	-4404.804
60.666	0.000	390.044	266015.998	109.455	-4127.258
60.913	0.000	390.044	284148.780	103.360	-3865.975
61.203	0.000	390.044	303517.570	98.697	-3621.311
61.631	0.000	390.044	324206.618	92.858	-3393.636
61.971	0.000	390.044	346305.920	89.312	-3178.248
62.252	0.000	390.045	369911.605	86.701	-2976.404
62.554	0.000	390.045	395126.353	81.738	-2789.644
62.867	0.000	390.045	422059.846	77.565	-2612.937
63.196	0.000	390.045	450829.241	74.345	-2447.638
63.508	0.000	390.045	481559.679	72.950	-2292.150
63.825	0.000	390.045	514384.835	69.804	-2148.630
64.117	0.000	390.045	549447.493	67.215	-2011.398
64.376	0.000	390.045	586900.171	63.367	-1883.620
64.673	0.000	390.045	626905.783	60.863	-1764.206
65.042	0.000	390.045	669638.348	58.378	-1651.168
65.435	0.000	390.045	715283.746	56.404	-1545.863
65.684	0.000	390.044	764040.529	57.313	-1446.337
65.990	0.000	390.044	816120.781	52.852	-1355.640
66.336	0.000	390.044	871751.044	50.656	-1267.832
66.586	0.000	390.044	931173.304	49.604	-1186.461
66.930	0.000	390.044	994646.037	47.051	-1109.732
67.192	0.000	390.044	1062445.341	-8.155	-1030.385
67.460	0.000	390.044	1134866.134	-8.253	-961.304
67.893	0.000	390.044	1212223.437	-10.461	-901.837
68.178	0.000	390.044	1294853.743	-11.801	-842.164
68.601	0.000	390.044	1383116.481	-12.835	-787.200
69.092	0.000	390.045	1477395.584	-14.062	-733.923
69.530	0.000	390.045	1578101.150	-13.977	-684.459
69.794	0.000	390.044	1685671.237	-15.624	-637.618
70.120	0.000	390.044	1800573.758	-15.786	-593.738
70.516	0.000	390.044	1923308.524	-16.690	-553.118
70.881	0.000	390.044	2054409.414	-16.996	-513.868
71.126	0.000	390.044	2194446.698	-17.237	-476.346
71.436	0.000	390.044	2344029.518	-17.831	-442.801
71.718	0.000	390.044	2503808.540	-18.111	-409.604
72.048	0.000	390.044	2674478.780	-18.231	-378.649
72.454	0.000	390.044	2856782.629	-18.341	-348.775
72.806	0.000	390.044	3051513.084	-18.004	-320.782
73.045	0.000	390.044	3259517.196	-17.431	-294.267
73.368	0.000	390.044	3481699.752	-17.344	-269.116
73.721	0.000	390.044	3719027.216	-16.569	-245.246
73.968	0.000	390.044	3972531.929	-15.508	-222.963
74.284	0.000	390.044	4243316.602	-15.034	-201.669
74.578	0.000	390.044	4532559.110	-14.525	-180.596
74.854	0.000	390.044	4841517.618	-13.577	-160.833
75.138	0.000	390.044	5171536.051	-12.400	-141.717
75.632	0.000	390.044	5524049.945	-10.733	-123.515
75.888	0.000	390.044	5900592.685	-9.107	-106.281
76.209	0.000	390.044	6302802.180	-7.190	-89.903
76.519	0.000	390.045	6732427.985	-5.226	-74.196
76.800	0.000	390.045	7191338.911	-2.838	-59.236
77.130	0.000	390.045	7681531.159	-0.253	-45.288
77.433	0.000	390.046	8205136.995	2.460	-32.156
77.699	0.000	390.046	8764434.032	5.418	-19.891
78.051	0.000	390.046	9361855.135	8.526	-8.772
78.413	0.000	390.046	9999999.000	11.737	1.246
