Time (s)	Light (A)	T (K)	f (Hz)	R (Ohm)	X (Ohm)
1.473	0.000	394.046	20.000	-2339525.000	-46953890.000
2.856	0.000	394.046	21.363	1886452.000	-44882900.000
4.155	0.000	394.045	22.819	1623832.000	-42063770.000
5.377	0.000	394.044	24.375	1502930.000	-39437910.000
6.525	0.000	394.043	26.036	1417868.000	-36901870.000
7.602	0.000	394.042	27.811	1280589.000	-34644620.000
8.614	0.000	394.042	29.707	1174219.000	-32444710.000
9.570	0.000	394.043	31.732	1064162.000	-30441760.000
10.470	0.000	394.043	33.895	954463.000	-28431810.000
11.315	0.000	394.043	36.205	950899.200	-26726810.000
12.115	0.000	394.043	38.673	904342.200	-24966540.000
13.100	0.000	394.043	41.309	769278.600	-23454320.000
13.986	0.000	394.044	44.125	664720.900	-21962710.000
14.824	0.000	394.044	47.133	507858.600	-20594760.000
15.610	0.000	394.045	50.346	483585.900	-19338330.000
16.351	0.000	394.045	53.777	460994.800	-18079460.000
17.051	0.000	394.045	57.443	500995.500	-16961410.000
17.710	0.000	394.046	61.359	484684.400	-15909410.000
18.338	0.000	394.046	65.541	446871.600	-14917830.000
18.924	0.000	394.046	70.009	428853.200	-13985040.000
19.478	0.000	394.046	74.781	389570.600	-13103680.000
20.000	0.000	394.046	79.878	369954.800	-12266170.000
20.529	0.000	394.046	85.323	339766.700	-11508770.000
21.013	0.000	394.046	91.139	310816.800	-10783610.000
21.465	0.000	394.046	97.352	288393.600	-10105460.000
21.902	0.000	394.046	103.987	274135.800	-9475668.000
22.358	0.000	394.046	111.076	252677.200	-8879089.000
22.820	0.000	394.045	118.647	234458.300	-8320338.000
23.305	0.000	394.045	126.735	220285.600	-7800632.000
23.731	0.000	394.045	135.373	205131.300	-7306593.000
24.249	0.000	394.045	144.601	183564.400	-6860755.000
24.609	0.000	394.045	154.458	179432.900	-6410045.000
25.007	0.000	394.046	164.986	164284.400	-6015740.000
25.296	0.000	394.046	176.232	150507.300	-5639056.000
25.603	0.000	394.046	188.245	139799.900	-5283677.000
25.985	0.000	394.046	201.077	130233.900	-4951852.000
26.265	0.000	394.046	214.783	121779.800	-4642545.000
26.503	0.000	394.046	229.423	112752.100	-4349778.000
26.790	0.000	394.046	245.062	105771.800	-4073390.000
27.082	0.000	394.046	261.766	98721.540	-3820186.000
27.355	0.000	394.046	279.609	90635.880	-3579594.000
27.693	0.000	394.046	298.669	84006.040	-3354509.000
27.962	0.000	394.046	319.027	77652.830	-3143001.000
28.213	0.000	394.046	340.773	72112.620	-2945279.000
28.541	0.000	394.046	364.002	66918.570	-2760330.000
28.785	0.000	394.046	388.814	62269.550	-2586628.000
29.073	0.000	394.046	415.317	57791.910	-2423472.000
29.307	0.000	394.046	443.627	54057.650	-2271239.000
29.572	0.000	394.046	473.866	50116.200	-2129279.000
29.820	0.000	394.046	506.167	45915.770	-1993810.000
30.105	0.000	394.046	540.670	43133.090	-1869076.000
30.350	0.000	394.046	577.524	40391.570	-1751067.000
30.585	0.000	394.046	616.890	37275.190	-1641123.000
30.836	0.000	394.046	658.940	34544.330	-1537706.000
31.028	0.000	394.046	703.857	32537.540	-1440659.000
31.273	0.000	394.046	751.834	30401.440	-1350501.000
31.522	0.000	394.046	803.083	27976.490	-1264940.000
31.729	0.000	394.046	857.824	26367.970	-1185188.000
32.003	0.000	394.046	916.297	24471.630	-1110644.000
32.271	0.000	394.046	978.756	22642.150	-1040790.000
32.942	0.000	394.046	1045.472	20985.190	-975279.500
33.485	0.000	394.046	1116.736	19640.790	-913933.000
33.994	0.000	394.046	1192.857	18109.400	-856384.700
34.461	0.000	394.046	1274.167	16980.500	-802347.500
34.938	0.000	394.046	1361.020	15786.230	-751714.500
35.440	0.000	394.046	1453.793	14891.150	-704475.700
35.869	0.000	394.046	1552.890	13863.600	-660046.400
36.322	0.000	394.046	1658.741	12845.400	-618441.500
36.680	0.000	394.046	1771.808	12073.690	-579402.200
37.086	0.000	394.046	1892.582	11245.510	-542985.000
37.515	0.000	394.046	2021.589	10491.590	-508700.800
37.857	0.000	394.046	2159.389	9811.368	-476628.400
38.160	0.000	394.047	2306.582	9171.359	-446493.700
38.468	0.000	394.047	2463.808	8481.119	-418357.100
38.759	0.000	394.046	2631.752	7951.679	-392042.700
39.107	0.000	394.046	2811.143	7381.289	-367319.400
39.401	0.000	394.046	3002.763	6995.726	-344110.800
39.657	0.000	394.046	3207.444	6521.077	-322447.700
39.955	0.000	394.046	3426.077	6057.649	-302146.600
40.259	0.000	394.046	3659.613	5640.657	-283052.900
40.514	0.000	394.046	3909.068	5253.794	-265229.100
40.914	0.000	394.046	4175.526	4943.156	-248519.300
41.246	0.000	394.046	4460.148	4579.396	-232844.800
41.562	0.000	394.046	4764.171	4242.079	-218159.600
41.913	0.000	394.046	5088.917	4061.412	-204369.100
42.202	0.000	394.045	5435.799	3771.362	-191533.700
42.546	0.000	394.045	5806.326	3449.906	-179387.600
42.803	0.000	394.045	6202.110	3271.515	-168081.900
43.104	0.000	394.045	6624.872	3090.507	-157522.800
43.402	0.000	394.045	7076.452	2848.201	-147577.300
43.712	0.000	394.045	7558.813	2660.881	-138285.600
44.073	0.000	394.044	8074.054	2485.486	-129580.500
44.374	0.000	394.044	8624.416	2282.876	-121367.100
44.672	0.000	394.044	9212.292	2152.366	-113735.100
44.911	0.000	394.044	9840.241	2056.717	-106551.700
45.186	0.000	394.044	10510.994	1914.313	-99811.670
45.457	0.000	394.045	11227.468	1795.648	-93505.510
45.740	0.000	394.045	11992.780	1695.239	-87620.420
45.991	0.000	394.045	12810.259	1573.159	-82096.060
46.272	0.000	394.045	13683.461	1479.787	-76921.450
46.543	0.000	394.045	14616.184	1399.783	-72056.570
46.814	0.000	394.045	15612.485	1287.919	-67517.820
47.082	0.000	394.045	16676.698	1202.235	-63246.130
47.342	0.000	394.045	17813.453	1143.306	-59271.000
47.653	0.000	394.045	19027.694	1059.995	-55515.740
47.933	0.000	394.045	20324.702	995.023	-52013.420
48.169	0.000	394.046	21710.121	938.141	-48730.270
48.469	0.000	394.046	23189.975	875.742	-45647.680
48.761	0.000	394.045	24770.702	819.542	-42760.210
49.108	0.000	394.045	26459.178	778.096	-40063.520
49.385	0.000	394.045	28262.749	733.144	-37543.200
49.608	0.000	394.045	30189.258	674.385	-35155.920
49.899	0.000	394.045	32247.086	643.540	-32944.300
50.175	0.000	394.045	34445.185	608.695	-30876.650
50.417	0.000	394.045	36793.115	574.969	-28921.100
50.712	0.000	394.045	39301.090	532.733	-27103.070
51.041	0.000	394.045	41980.020	508.915	-25391.180
51.466	0.000	394.045	44841.556	478.530	-23787.820
51.803	0.000	394.045	47898.147	450.203	-22291.730
52.209	0.000	394.045	51163.089	421.589	-20881.840
52.481	0.000	394.045	54650.583	399.549	-19568.200
52.883	0.000	394.045	58375.799	375.260	-18330.730
53.167	0.000	394.045	62354.942	342.407	-17176.630
53.577	0.000	394.044	66605.320	338.367	-16092.550
53.882	0.000	394.044	71145.421	317.031	-15075.180
54.158	0.000	394.044	75994.996	297.932	-14125.560
54.485	0.000	394.044	81175.138	273.999	-13234.510
54.792	0.000	394.044	86708.381	263.488	-12396.170
55.098	0.000	394.044	92618.793	247.602	-11613.600
55.346	0.000	394.044	98932.084	236.165	-10881.170
55.639	0.000	394.044	105675.715	218.193	-10215.990
55.943	0.000	394.044	112879.022	205.027	-9563.007
56.192	0.000	394.044	120573.336	205.180	-8961.127
56.501	0.000	394.044	128792.127	183.623	-8404.570
56.770	0.000	394.044	137571.146	181.684	-7869.918
57.149	0.000	394.044	146948.581	168.925	-7370.914
57.468	0.000	394.044	156965.221	164.275	-6901.319
57.782	0.000	394.044	167664.638	153.910	-6471.024
58.112	0.000	394.044	179093.373	144.962	-6060.892
58.482	0.000	394.044	191301.139	140.521	-5677.244
58.791	0.000	394.044	204341.039	131.430	-5321.792
59.072	0.000	394.044	218269.793	124.228	-4985.481
59.437	0.000	394.044	233147.990	118.652	-4669.772
59.676	0.000	394.045	249040.349	115.135	-4374.195
60.012	0.000	394.045	266015.998	106.649	-4100.502
60.288	0.000	394.045	284148.780	100.374	-3841.710
60.604	0.000	394.044	303517.570	97.068	-3597.447
61.035	0.000	394.044	324206.618	91.379	-3370.295
61.326	0.000	394.044	346305.920	88.843	-3156.635
61.648	0.000	394.044	369911.605	85.020	-2956.611
61.933	0.000	394.044	395126.353	79.652	-2771.568
62.174	0.000	394.044	422059.846	77.484	-2595.092
62.578	0.000	394.045	450829.241	73.539	-2431.674
62.898	0.000	394.044	481559.679	69.984	-2277.187
63.147	0.000	394.044	514384.835	68.289	-2132.515
63.469	0.000	394.044	549447.493	65.970	-1996.989
63.793	0.000	394.044	586900.171	63.033	-1870.429
64.122	0.000	394.044	626905.783	60.509	-1752.138
64.458	0.000	394.045	669638.348	58.137	-1640.069
64.775	0.000	394.044	715283.746	55.437	-1534.445
65.081	0.000	394.044	764040.529	53.075	-1435.840
65.360	0.000	394.044	816120.781	52.475	-1345.738
65.615	0.000	394.044	871751.044	49.898	-1259.033
65.956	0.000	394.044	931173.304	48.582	-1177.998
66.267	0.000	394.045	994646.037	46.245	-1102.365
66.524	0.000	394.045	1062445.341	-8.594	-1023.133
66.849	0.000	394.045	1134866.134	-9.183	-955.670
67.293	0.000	394.045	1212223.437	-10.535	-896.240
67.587	0.000	394.046	1294853.743	-11.836	-836.010
67.917	0.000	394.046	1383116.481	-12.933	-781.823
68.371	0.000	394.046	1477395.584	-14.001	-728.576
68.846	0.000	394.046	1578101.150	-14.437	-678.940
69.127	0.000	394.046	1685671.237	-15.587	-633.019
69.429	0.000	394.046	1800573.758	-16.025	-589.357
69.805	0.000	394.047	1923308.524	-16.255	-548.974
70.170	0.000	394.047	2054409.414	-17.237	-510.125
70.414	0.000	394.047	2194446.698	-17.602	-473.062
70.779	0.000	394.047	2344029.518	-17.892	-439.590
71.038	0.000	394.047	2503808.540	-18.125	-406.409
71.347	0.000	394.048	2674478.780	-18.009	-375.737
71.750	0.000	394.048	2856782.629	-18.267	-346.202
72.038	0.000	394.048	3051513.084	-18.024	-318.251
72.310	0.000	394.048	3259517.196	-17.751	-291.851
72.625	0.000	394.047	3481699.752	-17.284	-267.033
72.920	0.000	394.047	3719027.216	-16.484	-243.071
73.250	0.000	394.047	3972531.929	-15.670	-220.784
73.569	0.000	394.047	4243316.602	-14.770	-199.583
73.835	0.000	394.048	4532559.110	-14.407	-179.129
74.227	0.000	394.048	4841517.618	-13.452	-159.375
74.556	0.000	394.048	5171536.051	-12.306	-140.384
75.003	0.000	394.048	5524049.945	-10.701	-122.205
75.352	0.000	394.048	5900592.685	-9.017	-105.109
75.695	0.000	394.048	6302802.180	-7.105	-88.827
75.989	0.000	394.048	6732427.985	-5.116	-73.212
76.228	0.000	394.048	7191338.911	-2.722	-58.327
76.606	0.000	394.048	7681531.159	-0.124	-44.485
76.920	0.000	394.048	8205136.995	2.578	-31.409
77.211	0.000	394.048	8764434.032	5.528	-19.236
77.552	0.000	394.048	9361855.135	8.636	-8.186
77.930	0.000	394.048	9999999.000	11.842	1.746
