Time (s)	Light (A)	T (K)	f (Hz)	R (Ohm)	X (Ohm)
1.471	0.000	406.075	20.000	3861449.000	-45098710.000
2.854	0.000	406.074	21.363	1866763.000	-43947590.000
4.154	0.000	406.072	22.819	1754702.000	-41027800.000
5.405	0.000	406.070	24.375	1579643.000	-38525200.000
6.590	0.000	406.067	26.036	1477050.000	-36103720.000
7.670	0.000	406.064	27.811	1341008.000	-33867980.000
8.682	0.000	406.062	29.707	1233401.000	-31737600.000
9.633	0.000	406.060	31.732	1142994.000	-29788420.000
10.532	0.000	406.058	33.895	996263.500	-27820690.000
11.390	0.000	406.056	36.205	942233.600	-26115620.000
12.187	0.000	406.054	38.673	964915.800	-24493530.000
13.132	0.000	406.052	41.309	826303.200	-22928750.000
14.030	0.000	406.050	44.125	656409.800	-21478820.000
14.909	0.000	406.048	47.133	577400.200	-20117210.000
15.695	0.000	406.046	50.346	464519.800	-18879000.000
16.439	0.000	406.044	53.777	497917.100	-17688610.000
17.138	0.000	406.042	57.443	506918.200	-16602610.000
17.800	0.000	406.041	61.359	523773.300	-15569060.000
18.422	0.000	406.040	65.541	486796.800	-14609990.000
19.009	0.000	406.039	70.009	455370.400	-13683890.000
19.560	0.000	406.038	74.781	420180.300	-12824740.000
20.097	0.000	406.038	79.878	375505.700	-12018850.000
20.612	0.000	406.037	85.323	357153.900	-11261790.000
21.091	0.000	406.037	91.139	323361.000	-10557110.000
21.578	0.000	406.036	97.352	309094.200	-9888763.000
22.065	0.000	406.036	103.987	278996.500	-9271687.000
22.501	0.000	406.036	111.076	264563.800	-8692059.000
22.980	0.000	406.036	118.647	246672.200	-8144921.000
23.398	0.000	406.036	126.735	224998.200	-7638313.000
23.802	0.000	406.035	135.373	209744.100	-7159539.000
24.182	0.000	406.035	144.601	205244.000	-6701594.000
24.563	0.000	406.034	154.458	189395.500	-6276776.000
24.905	0.000	406.034	164.986	168680.100	-5888654.000
25.219	0.000	406.034	176.232	157784.700	-5518974.000
25.569	0.000	406.034	188.245	144015.600	-5174744.000
25.846	0.000	406.034	201.077	133754.600	-4850077.000
26.136	0.000	406.034	214.783	124675.000	-4542765.000
26.423	0.000	406.033	229.423	116275.400	-4258138.000
26.709	0.000	406.033	245.062	109249.000	-3993202.000
27.014	0.000	406.033	261.766	101001.500	-3741390.000
27.257	0.000	406.033	279.609	92316.130	-3504920.000
27.536	0.000	406.033	298.669	86689.240	-3283229.000
27.800	0.000	406.033	319.027	80212.790	-3078803.000
28.050	0.000	406.033	340.773	74232.020	-2885078.000
28.303	0.000	406.033	364.002	68492.920	-2702551.000
28.573	0.000	406.033	388.814	64849.180	-2533101.000
28.826	0.000	406.032	415.317	60117.370	-2373945.000
29.098	0.000	406.032	443.627	56327.990	-2224539.000
29.362	0.000	406.032	473.866	52087.890	-2085383.000
29.622	0.000	406.032	506.167	47904.590	-1953445.000
29.843	0.000	406.031	540.670	44583.330	-1830704.000
30.153	0.000	406.031	577.524	41602.310	-1715633.000
30.407	0.000	406.031	616.890	38353.950	-1607229.000
30.637	0.000	406.031	658.940	35787.480	-1506521.000
30.836	0.000	406.031	703.857	33079.300	-1411388.000
31.025	0.000	406.031	751.834	30887.490	-1323016.000
31.272	0.000	406.031	803.083	28885.920	-1239659.000
31.481	0.000	406.030	857.824	26564.770	-1161384.000
31.678	0.000	406.030	916.297	24779.350	-1088427.000
31.880	0.000	406.030	978.756	23253.040	-1019951.000
32.490	0.000	406.030	1045.472	21416.130	-955787.200
33.035	0.000	406.030	1116.736	20180.870	-895770.300
33.494	0.000	406.031	1192.857	18629.190	-839641.400
34.020	0.000	406.031	1274.167	17367.830	-786700.500
34.476	0.000	406.031	1361.020	16328.730	-737105.700
34.889	0.000	406.031	1453.793	15085.470	-690785.000
35.322	0.000	406.032	1552.890	14088.070	-647138.600
35.681	0.000	406.032	1658.741	13170.680	-606382.900
36.073	0.000	406.032	1771.808	12289.860	-567999.400
36.465	0.000	406.032	1892.582	11380.870	-532333.400
36.818	0.000	406.032	2021.589	10643.890	-498814.000
37.186	0.000	406.033	2159.389	9951.069	-467383.500
37.514	0.000	406.033	2306.582	9241.504	-437858.300
37.821	0.000	406.033	2463.808	8596.221	-410358.200
38.123	0.000	406.033	2631.752	8042.491	-384469.300
38.435	0.000	406.033	2811.143	7451.168	-360228.600
38.713	0.000	406.034	3002.763	7003.711	-337568.300
39.067	0.000	406.034	3207.444	6507.875	-316270.600
39.368	0.000	406.034	3426.077	6091.191	-296358.200
39.646	0.000	406.034	3659.613	5683.213	-277647.100
39.894	0.000	406.034	3909.068	5325.916	-260161.200
40.327	0.000	406.034	4175.526	4994.579	-243761.200
40.687	0.000	406.034	4460.148	4635.628	-228382.600
41.050	0.000	406.035	4764.171	4292.375	-213950.600
41.397	0.000	406.035	5088.917	4022.099	-200491.100
41.721	0.000	406.035	5435.799	3814.817	-187852.700
42.029	0.000	406.035	5806.326	3544.053	-175971.500
42.310	0.000	406.036	6202.110	3320.434	-164936.100
42.586	0.000	406.036	6624.872	3090.357	-154459.300
42.891	0.000	406.036	7076.452	2882.841	-144754.100
43.199	0.000	406.036	7558.813	2677.761	-135672.400
43.536	0.000	406.036	8074.054	2521.479	-127071.100
43.839	0.000	406.036	8624.416	2308.038	-119027.100
44.121	0.000	406.036	9212.292	2180.907	-111599.300
44.420	0.000	406.036	9840.241	2037.839	-104524.100
44.691	0.000	406.036	10510.994	1934.548	-97917.030
44.986	0.000	406.036	11227.468	1814.676	-91730.880
45.238	0.000	406.036	11992.780	1675.872	-85947.590
45.504	0.000	406.036	12810.259	1587.683	-80529.330
45.774	0.000	406.037	13683.461	1486.646	-75441.180
46.110	0.000	406.037	14616.184	1400.463	-70684.330
46.404	0.000	406.037	15612.485	1304.344	-66234.740
46.676	0.000	406.037	16676.698	1231.406	-62061.000
46.907	0.000	406.037	17813.453	1152.788	-58138.780
47.210	0.000	406.037	19027.694	1076.823	-54462.520
47.476	0.000	406.037	20324.702	1018.968	-51044.650
47.746	0.000	406.038	21710.121	945.955	-47788.900
48.075	0.000	406.038	23189.975	886.726	-44799.240
48.346	0.000	406.038	24770.702	835.119	-41976.690
48.649	0.000	406.038	26459.178	780.571	-39323.700
48.931	0.000	406.038	28262.749	721.724	-36831.640
49.225	0.000	406.039	30189.258	701.147	-34509.650
49.519	0.000	406.039	32247.086	646.651	-32335.500
49.804	0.000	406.039	34445.185	609.516	-30300.120
50.059	0.000	406.039	36793.115	571.613	-28389.390
50.317	0.000	406.039	39301.090	532.614	-26600.410
50.597	0.000	406.040	41980.020	499.714	-24915.200
51.022	0.000	406.040	44841.556	475.195	-23356.390
51.389	0.000	406.040	47898.147	446.078	-21878.170
51.799	0.000	406.041	51163.089	420.528	-20503.810
52.108	0.000	406.041	54650.583	395.302	-19202.060
52.531	0.000	406.041	58375.799	363.584	-17992.250
52.816	0.000	406.041	62354.942	337.120	-16864.070
53.250	0.000	406.042	66605.320	333.626	-15795.590
53.565	0.000	406.042	71145.421	308.647	-14796.660
53.883	0.000	406.042	75994.996	294.084	-13860.780
54.198	0.000	406.042	81175.138	277.597	-12988.450
54.520	0.000	406.043	86708.381	260.884	-12170.020
54.815	0.000	406.043	92618.793	245.450	-11404.070
55.063	0.000	406.043	98932.084	230.557	-10678.840
55.365	0.000	406.043	105675.715	206.996	-10014.350
55.704	0.000	406.043	112879.022	207.324	-9382.534
56.007	0.000	406.043	120573.336	192.120	-8802.802
56.389	0.000	406.043	128792.127	173.301	-8223.062
56.630	0.000	406.043	137571.146	174.750	-7714.281
56.988	0.000	406.043	146948.581	164.324	-7229.681
57.341	0.000	406.043	156965.221	156.183	-6776.254
57.654	0.000	406.043	167664.638	147.204	-6347.936
57.971	0.000	406.043	179093.373	140.001	-5946.637
58.295	0.000	406.044	191301.139	133.337	-5572.919
58.597	0.000	406.044	204341.039	127.511	-5220.726
58.908	0.000	406.044	218269.793	119.806	-4889.486
59.270	0.000	406.044	233147.990	117.242	-4580.369
59.528	0.000	406.045	249040.349	110.089	-4290.937
59.850	0.000	406.045	266015.998	104.543	-4021.162
60.216	0.000	406.045	284148.780	97.661	-3766.942
60.540	0.000	406.045	303517.570	94.184	-3528.413
60.996	0.000	406.045	324206.618	90.761	-3306.158
61.327	0.000	406.045	346305.920	85.419	-3096.809
61.641	0.000	406.045	369911.605	82.139	-2901.371
61.963	0.000	406.045	395126.353	79.715	-2717.543
62.258	0.000	406.045	422059.846	74.723	-2546.939
62.586	0.000	406.045	450829.241	71.486	-2384.624
62.863	0.000	406.045	481559.679	68.817	-2232.395
63.177	0.000	406.045	514384.835	66.665	-2091.252
63.552	0.000	406.045	549447.493	63.077	-1957.762
63.788	0.000	406.045	586900.171	60.782	-1833.586
64.104	0.000	406.045	626905.783	58.994	-1716.757
64.406	0.000	406.045	669638.348	55.966	-1607.826
64.641	0.000	406.045	715283.746	54.020	-1505.367
65.005	0.000	406.045	764040.529	54.445	-1410.354
65.281	0.000	406.045	816120.781	50.242	-1319.354
65.537	0.000	406.046	871751.044	48.263	-1234.976
65.904	0.000	406.046	931173.304	46.891	-1155.233
66.259	0.000	406.046	994646.037	45.271	-1081.046
66.494	0.000	406.046	1062445.341	-9.166	-1003.346
66.832	0.000	406.046	1134866.134	-10.201	-937.156
67.266	0.000	406.046	1212223.437	-7.312	-879.325
67.595	0.000	406.046	1294853.743	-10.458	-818.833
67.946	0.000	406.046	1383116.481	-11.940	-766.030
68.362	0.000	406.046	1477395.584	-13.897	-714.446
68.834	0.000	406.046	1578101.150	-14.752	-665.582
69.098	0.000	406.046	1685671.237	-15.666	-620.587
69.388	0.000	406.046	1800573.758	-15.799	-577.715
69.737	0.000	406.046	1923308.524	-16.467	-537.422
70.020	0.000	406.046	2054409.414	-17.027	-499.587
70.259	0.000	406.046	2194446.698	-17.604	-463.382
70.565	0.000	406.046	2344029.518	-17.252	-429.626
70.822	0.000	406.046	2503808.540	-17.872	-398.050
71.152	0.000	406.046	2674478.780	-17.653	-367.450
71.553	0.000	406.046	2856782.629	-18.060	-338.783
71.858	0.000	406.046	3051513.084	-17.968	-311.476
72.133	0.000	406.046	3259517.196	-17.500	-285.672
72.431	0.000	406.046	3481699.752	-16.879	-261.165
72.701	0.000	406.046	3719027.216	-16.422	-237.569
72.949	0.000	406.046	3972531.929	-15.292	-215.636
73.360	0.000	406.046	4243316.602	-14.705	-194.673
73.663	0.000	406.046	4532559.110	-14.000	-174.611
73.933	0.000	406.046	4841517.618	-13.063	-155.176
74.277	0.000	406.046	5171536.051	-11.944	-136.610
74.650	0.000	406.046	5524049.945	-10.388	-118.692
74.970	0.000	406.047	5900592.685	-8.696	-101.855
75.355	0.000	406.047	6302802.180	-6.743	-85.782
75.648	0.000	406.047	6732427.985	-4.744	-70.521
76.013	0.000	406.047	7191338.911	-2.430	-55.835
76.354	0.000	406.047	7681531.159	0.261	-42.119
76.650	0.000	406.047	8205136.995	2.956	-29.400
76.930	0.000	406.047	8764434.032	5.873	-17.432
77.326	0.000	406.046	9361855.135	8.993	-6.607
77.696	0.000	406.046	9999999.000	12.156	3.134
