Time (s)	Light (A)	T (K)	f (Hz)	R (Ohm)	X (Ohm)
1.469	0.000	426.046	20.000	5130660.000	-46989770.000
2.853	0.000	426.046	21.363	2060391.000	-41508150.000
4.153	0.000	426.046	22.819	2003424.000	-38908630.000
5.375	0.000	426.046	24.375	1842916.000	-36466190.000
6.530	0.000	426.046	26.036	1667408.000	-34214290.000
7.608	0.000	426.047	27.811	1531250.000	-32038750.000
8.618	0.000	426.047	29.707	1438129.000	-30037100.000
9.571	0.000	426.046	31.732	1326634.000	-28173300.000
10.469	0.000	426.047	33.895	1171688.000	-26427800.000
11.315	0.000	426.047	36.205	1109051.000	-24702120.000
12.111	0.000	426.048	38.673	951079.900	-23219010.000
13.055	0.000	426.048	41.309	902421.200	-21759690.000
13.942	0.000	426.048	44.125	774542.600	-20389380.000
14.775	0.000	426.048	47.133	707981.100	-19113990.000
15.564	0.000	426.048	50.346	638071.900	-17854820.000
16.305	0.000	426.048	53.777	573722.900	-16788450.000
17.017	0.000	426.048	57.443	576609.200	-15742810.000
17.681	0.000	426.048	61.359	558137.300	-14778320.000
18.301	0.000	426.048	65.541	524886.200	-13833610.000
18.933	0.000	426.048	70.009	473852.200	-12970460.000
19.495	0.000	426.048	74.781	448796.900	-12162480.000
20.138	0.000	426.048	79.878	408969.000	-11406150.000
20.663	0.000	426.048	85.323	381435.800	-10697920.000
21.205	0.000	426.048	91.139	352694.400	-10019310.000
21.678	0.000	426.048	97.352	330289.300	-9391420.000
22.149	0.000	426.047	103.987	305792.600	-8806313.000
22.598	0.000	426.047	111.076	281255.000	-8248863.000
23.001	0.000	426.047	118.647	259646.100	-7736424.000
23.445	0.000	426.047	126.735	240742.200	-7250822.000
23.847	0.000	426.047	135.373	223261.500	-6797318.000
24.246	0.000	426.047	144.601	218824.300	-6370829.000
24.648	0.000	426.047	154.458	194053.200	-5981569.000
24.975	0.000	426.046	164.986	174361.900	-5597382.000
25.337	0.000	426.046	176.232	162528.000	-5246149.000
25.698	0.000	426.046	188.245	151555.500	-4916631.000
26.027	0.000	426.046	201.077	139371.500	-4608640.000
26.349	0.000	426.046	214.783	129935.300	-4320033.000
26.680	0.000	426.046	229.423	120159.500	-4048749.000
26.941	0.000	426.045	245.062	108372.400	-3796024.000
27.256	0.000	426.045	261.766	104178.000	-3554728.000
27.569	0.000	426.045	279.609	95339.930	-3332935.000
27.867	0.000	426.045	298.669	87199.780	-3123565.000
28.142	0.000	426.045	319.027	81058.810	-2927338.000
28.455	0.000	426.044	340.773	75016.200	-2742932.000
28.713	0.000	426.044	364.002	70177.610	-2570571.000
29.021	0.000	426.044	388.814	64491.180	-2409414.000
29.272	0.000	426.044	415.317	59973.370	-2258214.000
29.539	0.000	426.044	443.627	55279.170	-2115846.000
29.809	0.000	426.044	473.866	51028.030	-1982957.000
30.084	0.000	426.044	506.167	47445.720	-1858952.000
30.339	0.000	426.044	540.670	43886.760	-1741664.000
30.525	0.000	426.043	577.524	41230.640	-1632254.000
30.747	0.000	426.043	616.890	37981.190	-1529622.000
30.964	0.000	426.043	658.940	35006.120	-1433262.000
31.211	0.000	426.043	703.857	32776.870	-1342879.000
31.417	0.000	426.043	751.834	30132.920	-1258462.000
31.679	0.000	426.043	803.083	27964.900	-1179075.000
31.932	0.000	426.043	857.824	25904.330	-1104785.000
32.162	0.000	426.043	916.297	24242.020	-1035325.000
32.356	0.000	426.043	978.756	22454.400	-970147.200
32.894	0.000	426.043	1045.472	20704.780	-909344.000
33.480	0.000	426.043	1116.736	19459.290	-851992.600
33.977	0.000	426.043	1192.857	17758.060	-798348.500
34.459	0.000	426.043	1274.167	16633.880	-748041.300
34.894	0.000	426.043	1361.020	15484.840	-700916.800
35.416	0.000	426.043	1453.793	14401.390	-656788.600
35.836	0.000	426.043	1552.890	13308.690	-615286.200
36.237	0.000	426.043	1658.741	12334.760	-576615.100
36.651	0.000	426.043	1771.808	11542.120	-540208.100
37.050	0.000	426.043	1892.582	10697.450	-506222.000
37.390	0.000	426.043	2021.589	9949.689	-474368.500
37.708	0.000	426.044	2159.389	9256.508	-444380.100
38.009	0.000	426.044	2306.582	8663.453	-416399.400
38.426	0.000	426.044	2463.808	8061.188	-390083.400
38.733	0.000	426.044	2631.752	7539.163	-365494.200
39.080	0.000	426.045	2811.143	7047.213	-342429.000
39.348	0.000	426.045	3002.763	6530.889	-320936.600
39.632	0.000	426.045	3207.444	6086.360	-300601.400
39.876	0.000	426.045	3426.077	5661.380	-281678.600
40.148	0.000	426.045	3659.613	5311.661	-263857.100
40.436	0.000	426.046	3909.068	4946.746	-247238.400
40.798	0.000	426.046	4175.526	4613.892	-231662.600
41.126	0.000	426.046	4460.148	4273.907	-216983.600
41.440	0.000	426.046	4764.171	4033.354	-203334.100
41.805	0.000	426.046	5088.917	3716.828	-190529.700
42.115	0.000	426.046	5435.799	3473.486	-178544.800
42.391	0.000	426.046	5806.326	3271.114	-167235.000
42.678	0.000	426.046	6202.110	3031.101	-156677.200
42.947	0.000	426.046	6624.872	2823.942	-146856.200
43.239	0.000	426.046	7076.452	2671.951	-137527.100
43.530	0.000	426.046	7558.813	2478.113	-128891.300
43.873	0.000	426.046	8074.054	2346.105	-120720.700
44.216	0.000	426.046	8624.416	2160.214	-113112.800
44.534	0.000	426.046	9212.292	2044.660	-105924.300
44.804	0.000	426.046	9840.241	1906.000	-99303.450
45.087	0.000	426.046	10510.994	1799.346	-93037.710
45.469	0.000	426.046	11227.468	1675.446	-87156.070
45.852	0.000	426.046	11992.780	1580.363	-81674.440
46.218	0.000	426.046	12810.259	1470.308	-76525.760
46.447	0.000	426.046	13683.461	1385.302	-71680.900
46.692	0.000	426.046	14616.184	1299.498	-67164.180
46.975	0.000	426.046	15612.485	1223.003	-62925.390
47.262	0.000	426.046	16676.698	1142.458	-58963.100
47.517	0.000	426.046	17813.453	1064.350	-55246.510
47.825	0.000	426.046	19027.694	1007.594	-51765.540
48.119	0.000	426.046	20324.702	947.783	-48496.700
48.366	0.000	426.046	21710.121	890.912	-45428.660
48.580	0.000	426.046	23189.975	833.961	-42563.350
48.862	0.000	426.046	24770.702	776.494	-39877.910
49.214	0.000	426.046	26459.178	736.239	-37362.120
49.549	0.000	426.046	28262.749	687.039	-35002.510
49.811	0.000	426.046	30189.258	648.347	-32807.740
50.102	0.000	426.046	32247.086	608.779	-30723.240
50.439	0.000	426.046	34445.185	565.807	-28789.470
50.758	0.000	426.046	36793.115	548.056	-26968.710
50.985	0.000	426.046	39301.090	505.668	-25270.690
51.237	0.000	426.046	41980.020	473.174	-23678.480
51.647	0.000	426.046	44841.556	446.593	-22187.980
52.085	0.000	426.046	47898.147	420.114	-20786.380
52.473	0.000	426.046	51163.089	393.697	-19479.000
52.828	0.000	426.046	54650.583	375.156	-18253.280
53.178	0.000	426.046	58375.799	349.669	-17093.570
53.420	0.000	426.046	62354.942	313.916	-16012.910
53.852	0.000	426.046	66605.320	313.798	-15008.210
54.189	0.000	426.045	71145.421	290.663	-14059.540
54.504	0.000	426.045	75994.996	274.827	-13173.870
54.795	0.000	426.045	81175.138	267.363	-12341.340
55.095	0.000	426.045	86708.381	243.697	-11564.620
55.360	0.000	426.045	92618.793	229.955	-10834.230
55.677	0.000	426.045	98932.084	217.698	-10146.740
55.961	0.000	426.045	105675.715	195.114	-9519.253
56.313	0.000	426.045	112879.022	196.601	-8918.775
56.640	0.000	426.045	120573.336	186.902	-8354.948
57.034	0.000	426.045	128792.127	176.042	-7832.996
57.327	0.000	426.045	137571.146	162.491	-7332.030
57.711	0.000	426.045	146948.581	153.853	-6868.359
58.035	0.000	426.045	156965.221	148.944	-6434.116
58.296	0.000	426.045	167664.638	139.969	-6028.878
58.658	0.000	426.045	179093.373	132.357	-5648.522
58.965	0.000	426.045	191301.139	126.650	-5289.658
59.309	0.000	426.045	204341.039	121.567	-4960.150
59.633	0.000	426.045	218269.793	114.162	-4645.782
60.007	0.000	426.045	233147.990	110.687	-4348.505
60.310	0.000	426.045	249040.349	103.318	-4077.107
60.709	0.000	426.045	266015.998	99.476	-3821.046
61.023	0.000	426.045	284148.780	93.729	-3579.708
61.457	0.000	426.045	303517.570	88.755	-3353.095
61.910	0.000	426.046	324206.618	84.691	-3139.810
62.299	0.000	426.046	346305.920	80.626	-2942.409
62.652	0.000	426.046	369911.605	77.692	-2755.972
62.964	0.000	426.046	395126.353	74.510	-2582.050
63.288	0.000	426.046	422059.846	70.380	-2418.716
63.637	0.000	426.046	450829.241	66.866	-2265.167
64.010	0.000	426.046	481559.679	64.080	-2121.211
64.254	0.000	426.046	514384.835	62.495	-1986.315
64.523	0.000	426.047	549447.493	59.911	-1860.025
64.795	0.000	426.047	586900.171	57.425	-1742.285
65.058	0.000	426.047	626905.783	55.258	-1631.415
65.481	0.000	426.048	669638.348	53.224	-1527.923
65.712	0.000	426.048	715283.746	50.623	-1430.202
66.064	0.000	426.048	764040.529	48.057	-1339.343
66.437	0.000	426.048	816120.781	47.785	-1253.189
66.681	0.000	426.048	871751.044	45.906	-1172.635
66.967	0.000	426.048	931173.304	44.358	-1096.590
67.214	0.000	426.049	994646.037	42.679	-1026.029
67.539	0.000	426.049	1062445.341	-8.946	-952.808
67.828	0.000	426.049	1134866.134	-9.405	-890.210
68.319	0.000	426.049	1212223.437	-10.106	-830.372
68.584	0.000	426.049	1294853.743	-11.353	-776.847
68.870	0.000	426.049	1383116.481	-11.720	-725.672
69.341	0.000	426.049	1477395.584	-12.754	-677.432
69.795	0.000	426.049	1578101.150	-13.730	-631.203
70.084	0.000	426.049	1685671.237	-14.085	-588.402
70.355	0.000	426.049	1800573.758	-14.981	-547.507
70.779	0.000	426.048	1923308.524	-15.707	-509.576
71.025	0.000	426.048	2054409.414	-16.204	-473.267
71.365	0.000	426.048	2194446.698	-16.545	-438.928
71.697	0.000	426.048	2344029.518	-16.274	-406.675
72.033	0.000	426.048	2503808.540	-16.456	-376.989
72.369	0.000	426.048	2674478.780	-16.756	-347.516
72.767	0.000	426.048	2856782.629	-16.906	-320.345
73.062	0.000	426.048	3051513.084	-16.656	-294.194
73.297	0.000	426.048	3259517.196	-16.259	-269.574
73.582	0.000	426.048	3481699.752	-15.796	-246.055
73.846	0.000	426.048	3719027.216	-15.397	-223.778
74.176	0.000	426.048	3972531.929	-14.517	-202.332
74.567	0.000	426.048	4243316.602	-13.424	-182.162
74.828	0.000	426.048	4532559.110	-12.625	-163.311
75.094	0.000	426.048	4841517.618	-11.800	-144.852
75.366	0.000	426.048	5171536.051	-10.612	-127.085
75.763	0.000	426.048	5524049.945	-9.179	-110.060
76.038	0.000	426.048	5900592.685	-7.364	-93.847
76.311	0.000	426.048	6302802.180	-5.516	-78.523
76.613	0.000	426.048	6732427.985	-3.485	-63.863
76.893	0.000	426.048	7191338.911	-1.233	-49.884
77.188	0.000	426.048	7681531.159	1.352	-36.706
77.461	0.000	426.047	8205136.995	4.131	-24.527
77.814	0.000	426.047	8764434.032	6.983	-13.167
78.197	0.000	426.047	9361855.135	10.049	-2.833
78.499	0.000	426.048	9999999.000	13.147	6.400
