Time (s)	Light (A)	T (K)	f (Hz)	R (Ohm)	X (Ohm)
1.474	0.000	428.046	20.000	4756896.000	-41362540.000
2.858	0.000	428.046	21.363	2183278.000	-41214500.000
4.157	0.000	428.046	22.819	2041178.000	-38595400.000
5.377	0.000	428.046	24.375	1867536.000	-36159980.000
6.522	0.000	428.046	26.036	1663479.000	-33954690.000
7.601	0.000	428.046	27.811	1534473.000	-31782200.000
8.615	0.000	428.046	29.707	1364305.000	-29736840.000
9.570	0.000	428.045	31.732	1290097.000	-27863120.000
10.469	0.000	428.045	33.895	1257365.000	-26198800.000
11.321	0.000	428.045	36.205	1054829.000	-24527060.000
12.120	0.000	428.044	38.673	977402.400	-22999240.000
13.063	0.000	428.044	41.309	914468.600	-21607760.000
13.952	0.000	428.045	44.125	798117.000	-20260270.000
14.837	0.000	428.045	47.133	712001.000	-18981310.000
15.629	0.000	428.044	50.346	639179.300	-17728500.000
16.443	0.000	428.044	53.777	608831.300	-16659510.000
17.149	0.000	428.044	57.443	602407.500	-15637330.000
17.813	0.000	428.044	61.359	577358.300	-14660260.000
18.437	0.000	428.044	65.541	536750.200	-13762460.000
19.035	0.000	428.045	70.009	500117.900	-12890520.000
19.636	0.000	428.044	74.781	453331.500	-12090800.000
20.242	0.000	428.044	79.878	409058.000	-11330260.000
20.832	0.000	428.045	85.323	381321.700	-10625400.000
21.377	0.000	428.045	91.139	351730.100	-9955430.000
21.875	0.000	428.045	97.352	325046.100	-9317278.000
22.334	0.000	428.045	103.987	305344.100	-8743405.000
22.796	0.000	428.045	111.076	278245.700	-8201245.000
23.262	0.000	428.045	118.647	258987.400	-7683568.000
23.666	0.000	428.045	126.735	237903.500	-7200753.000
24.037	0.000	428.045	135.373	222063.500	-6749896.000
24.431	0.000	428.044	144.601	200476.400	-6316777.000
24.833	0.000	428.044	154.458	197568.700	-5935036.000
25.216	0.000	428.044	164.986	174395.500	-5560056.000
25.559	0.000	428.044	176.232	164308.900	-5208885.000
25.861	0.000	428.044	188.245	150305.100	-4885814.000
26.202	0.000	428.044	201.077	140292.500	-4578247.000
26.519	0.000	428.044	214.783	128548.900	-4290249.000
26.781	0.000	428.044	229.423	119363.800	-4020716.000
27.060	0.000	428.044	245.062	110824.000	-3772292.000
27.324	0.000	428.044	261.766	103298.200	-3529615.000
27.568	0.000	428.044	279.609	95046.540	-3309496.000
27.850	0.000	428.045	298.669	87921.530	-3101065.000
28.121	0.000	428.044	319.027	81665.870	-2907488.000
28.376	0.000	428.044	340.773	75510.340	-2724801.000
28.642	0.000	428.044	364.002	69468.080	-2553469.000
28.906	0.000	428.044	388.814	63686.470	-2393210.000
29.149	0.000	428.044	415.317	59269.650	-2242999.000
29.420	0.000	428.044	443.627	55449.470	-2101620.000
29.660	0.000	428.044	473.866	51428.910	-1969532.000
29.907	0.000	428.044	506.167	47201.670	-1845138.000
30.098	0.000	428.044	540.670	44033.800	-1729904.000
30.311	0.000	428.044	577.524	41027.660	-1620924.000
30.494	0.000	428.044	616.890	37830.060	-1518888.000
30.802	0.000	428.044	658.940	35108.810	-1423342.000
30.988	0.000	428.044	703.857	32262.100	-1333718.000
31.199	0.000	428.044	751.834	30174.590	-1249409.000
31.470	0.000	428.044	803.083	28052.170	-1170942.000
31.720	0.000	428.044	857.824	25612.320	-1097174.000
31.944	0.000	428.044	916.297	24111.120	-1028246.000
32.133	0.000	428.044	978.756	22328.670	-963329.100
32.669	0.000	428.044	1045.472	20590.110	-903114.000
33.167	0.000	428.044	1116.736	19139.890	-846288.400
33.687	0.000	428.044	1192.857	17610.390	-793092.100
34.231	0.000	428.044	1274.167	16453.970	-742988.700
34.687	0.000	428.044	1361.020	15442.420	-696208.400
35.196	0.000	428.044	1453.793	14157.500	-652332.200
35.612	0.000	428.044	1552.890	13247.240	-611224.700
36.125	0.000	428.044	1658.741	12294.090	-572712.700
36.469	0.000	428.044	1771.808	11411.020	-536668.400
36.880	0.000	428.044	1892.582	10679.420	-502792.600
37.207	0.000	428.044	2021.589	9919.686	-471096.600
37.513	0.000	428.044	2159.389	9225.333	-441441.700
37.891	0.000	428.045	2306.582	8564.628	-413554.700
38.221	0.000	428.045	2463.808	8004.412	-387492.600
38.530	0.000	428.045	2631.752	7450.402	-363030.700
38.846	0.000	428.045	2811.143	6931.371	-340171.700
39.179	0.000	428.045	3002.763	6513.779	-318764.300
39.471	0.000	428.045	3207.444	6001.729	-298576.800
39.781	0.000	428.045	3426.077	5591.109	-279770.400
40.076	0.000	428.045	3659.613	5257.633	-262125.200
40.365	0.000	428.045	3909.068	4873.598	-245593.800
40.697	0.000	428.045	4175.526	4536.442	-230120.100
41.091	0.000	428.045	4460.148	4289.447	-215631.000
41.460	0.000	428.044	4764.171	3986.483	-202025.800
41.746	0.000	428.044	5088.917	3647.148	-189257.000
42.063	0.000	428.044	5435.799	3456.981	-177316.800
42.335	0.000	428.045	5806.326	3237.184	-166102.000
42.608	0.000	428.045	6202.110	3089.890	-155644.800
42.851	0.000	428.045	6624.872	2835.789	-145844.400
43.178	0.000	428.045	7076.452	2623.161	-136590.600
43.482	0.000	428.045	7558.813	2492.100	-127977.800
43.817	0.000	428.046	8074.054	2299.481	-119921.400
44.118	0.000	428.046	8624.416	2131.814	-112346.000
44.389	0.000	428.046	9212.292	2044.467	-105271.500
44.710	0.000	428.046	9840.241	1885.180	-98606.550
44.946	0.000	428.046	10510.994	1764.136	-92382.360
45.242	0.000	428.046	11227.468	1669.845	-86545.650
45.543	0.000	428.046	11992.780	1553.929	-81102.860
45.877	0.000	428.046	12810.259	1464.757	-75978.190
46.110	0.000	428.046	13683.461	1369.076	-71191.550
46.463	0.000	428.046	14616.184	1287.795	-66691.080
46.730	0.000	428.046	15612.485	1212.712	-62491.980
46.963	0.000	428.046	16676.698	1127.890	-58554.610
47.228	0.000	428.047	17813.453	1051.146	-54859.260
47.508	0.000	428.047	19027.694	988.150	-51405.800
47.770	0.000	428.047	20324.702	932.149	-48153.650
48.106	0.000	428.047	21710.121	872.040	-45116.050
48.340	0.000	428.047	23189.975	818.991	-42267.980
48.616	0.000	428.047	24770.702	763.620	-39611.440
48.936	0.000	428.047	26459.178	724.042	-37106.280
49.214	0.000	428.047	28262.749	668.700	-34761.870
49.445	0.000	428.047	30189.258	649.318	-32575.930
49.767	0.000	428.047	32247.086	595.754	-30507.290
50.018	0.000	428.048	34445.185	560.868	-28589.200
50.312	0.000	428.048	36793.115	532.974	-26783.240
50.547	0.000	428.048	39301.090	497.195	-25093.510
50.853	0.000	428.048	41980.020	468.617	-23516.390
51.270	0.000	428.048	44841.556	437.920	-22027.860
51.805	0.000	428.048	47898.147	416.438	-20642.700
52.204	0.000	428.048	51163.089	389.442	-19344.920
52.507	0.000	428.048	54650.583	366.693	-18119.030
52.884	0.000	428.048	58375.799	343.550	-16976.520
53.129	0.000	428.048	62354.942	316.181	-15888.900
53.563	0.000	428.048	66605.320	301.548	-14899.220
53.896	0.000	428.048	71145.421	289.855	-13961.410
54.224	0.000	428.048	75994.996	273.031	-13076.920
54.522	0.000	428.048	81175.138	253.251	-12253.510
54.829	0.000	428.048	86708.381	243.242	-11482.590
55.142	0.000	428.048	92618.793	229.033	-10758.010
55.395	0.000	428.048	98932.084	215.560	-10074.150
55.746	0.000	428.048	105675.715	215.099	-9450.651
56.076	0.000	428.048	112879.022	192.042	-8850.421
56.373	0.000	428.048	120573.336	185.558	-8293.723
56.748	0.000	428.048	128792.127	178.573	-7762.687
56.993	0.000	428.048	137571.146	163.177	-7282.042
57.445	0.000	428.048	146948.581	151.804	-6820.804
57.692	0.000	428.048	156965.221	144.529	-6388.386
57.940	0.000	428.048	167664.638	139.961	-5986.625
58.277	0.000	428.048	179093.373	130.570	-5607.222
58.626	0.000	428.048	191301.139	127.841	-5253.228
58.994	0.000	428.048	204341.039	119.923	-4925.573
59.315	0.000	428.048	218269.793	113.330	-4613.233
59.604	0.000	428.048	233147.990	112.147	-4324.311
59.877	0.000	428.048	249040.349	101.856	-4048.939
60.265	0.000	428.048	266015.998	97.621	-3794.636
60.522	0.000	428.048	284148.780	93.407	-3554.078
60.810	0.000	428.048	303517.570	88.082	-3328.955
61.205	0.000	428.048	324206.618	83.902	-3118.992
61.544	0.000	428.048	346305.920	80.175	-2922.059
61.862	0.000	428.048	369911.605	76.283	-2736.020
62.167	0.000	428.048	395126.353	74.188	-2564.359
62.479	0.000	428.048	422059.846	70.118	-2400.847
62.808	0.000	428.048	450829.241	66.840	-2249.647
63.114	0.000	428.048	481559.679	64.273	-2106.692
63.363	0.000	428.048	514384.835	61.372	-1972.529
63.658	0.000	428.048	549447.493	59.543	-1846.967
63.913	0.000	428.048	586900.171	56.654	-1729.763
64.231	0.000	428.047	626905.783	54.535	-1619.828
64.540	0.000	428.047	669638.348	52.392	-1516.897
64.849	0.000	428.047	715283.746	50.522	-1419.818
65.236	0.000	428.046	764040.529	49.317	-1326.934
65.562	0.000	428.046	816120.781	47.237	-1244.322
65.894	0.000	428.046	871751.044	45.446	-1164.094
66.137	0.000	428.046	931173.304	44.263	-1088.965
66.479	0.000	428.046	994646.037	42.805	-1018.913
66.950	0.000	428.046	1062445.341	-8.770	-945.903
67.445	0.000	428.046	1134866.134	-9.795	-883.935
67.842	0.000	428.046	1212223.437	-10.322	-824.602
68.084	0.000	428.046	1294853.743	-11.304	-771.248
68.459	0.000	428.046	1383116.481	-11.721	-720.584
68.871	0.000	428.046	1477395.584	-12.667	-672.531
69.353	0.000	428.046	1578101.150	-13.743	-626.833
69.609	0.000	428.046	1685671.237	-13.788	-584.242
69.969	0.000	428.046	1800573.758	-14.867	-543.518
70.426	0.000	428.046	1923308.524	-15.612	-505.799
70.786	0.000	428.046	2054409.414	-16.038	-469.818
71.121	0.000	428.046	2194446.698	-16.464	-435.659
71.402	0.000	428.046	2344029.518	-16.110	-403.600
71.745	0.000	428.046	2503808.540	-16.312	-374.090
72.134	0.000	428.046	2674478.780	-16.686	-344.900
72.550	0.000	428.046	2856782.629	-16.758	-317.869
72.949	0.000	428.046	3051513.084	-16.533	-291.920
73.318	0.000	428.046	3259517.196	-16.051	-267.381
73.634	0.000	428.046	3481699.752	-15.631	-244.008
73.978	0.000	428.046	3719027.216	-15.269	-221.894
74.328	0.000	428.046	3972531.929	-14.412	-200.631
74.597	0.000	428.046	4243316.602	-13.397	-180.615
74.874	0.000	428.046	4532559.110	-12.499	-161.813
75.142	0.000	428.046	4841517.618	-11.654	-143.485
75.507	0.000	428.046	5171536.051	-10.428	-125.812
76.033	0.000	428.046	5524049.945	-9.022	-108.903
76.290	0.000	428.046	5900592.685	-7.237	-92.788
76.626	0.000	428.046	6302802.180	-5.381	-77.546
76.928	0.000	428.046	6732427.985	-3.338	-62.968
77.247	0.000	428.046	7191338.911	-1.083	-49.091
77.589	0.000	428.046	7681531.159	1.491	-35.988
77.878	0.000	428.046	8205136.995	4.275	-23.881
78.140	0.000	428.046	8764434.032	7.117	-12.598
78.592	0.000	428.046	9361855.135	10.174	-2.334
78.942	0.000	428.046	9999999.000	13.268	6.838
