Time (s)	Light (A)	T (K)	f (Hz)	R (Ohm)	X (Ohm)
1.475	0.000	430.048	20.000	-1099643.000	-44106490.000
2.859	0.000	430.048	21.363	2320131.000	-40792180.000
4.158	0.000	430.048	22.819	2050516.000	-38257710.000
5.376	0.000	430.048	24.375	1867499.000	-35867350.000
6.532	0.000	430.048	26.036	1702062.000	-33611940.000
7.611	0.000	430.048	27.811	1551244.000	-31557630.000
8.623	0.000	430.048	29.707	1400469.000	-29516050.000
9.587	0.000	430.048	31.732	1291162.000	-27655670.000
10.484	0.000	430.048	33.895	1278792.000	-26022810.000
11.328	0.000	430.048	36.205	1076462.000	-24345530.000
12.124	0.000	430.048	38.673	1073464.000	-22850500.000
13.076	0.000	430.048	41.309	934391.600	-21421510.000
13.964	0.000	430.048	44.125	829944.400	-20070960.000
14.806	0.000	430.048	47.133	693149.800	-18746360.000
15.588	0.000	430.048	50.346	659431.900	-17567370.000
16.325	0.000	430.047	53.777	599874.800	-16552940.000
17.060	0.000	430.046	57.443	607877.500	-15516850.000
17.758	0.000	430.046	61.359	571930.400	-14559880.000
18.392	0.000	430.045	65.541	528648.900	-13642780.000
19.030	0.000	430.045	70.009	500892.000	-12784790.000
19.621	0.000	430.044	74.781	446868.400	-11978810.000
20.242	0.000	430.044	79.878	408804.600	-11231490.000
20.789	0.000	430.044	85.323	382266.700	-10529000.000
21.313	0.000	430.044	91.139	357803.600	-9870074.000
21.790	0.000	430.044	97.352	332578.900	-9253015.000
22.303	0.000	430.044	103.987	305757.900	-8675320.000
22.769	0.000	430.044	111.076	277031.300	-8136552.000
23.191	0.000	430.043	118.647	258606.900	-7622867.000
23.608	0.000	430.043	126.735	238854.200	-7147084.000
24.098	0.000	430.043	135.373	222853.700	-6698231.000
24.458	0.000	430.042	144.601	191757.500	-6273415.000
24.884	0.000	430.042	154.458	195583.100	-5892254.000
25.177	0.000	430.042	164.986	177014.600	-5514078.000
25.509	0.000	430.042	176.232	161040.100	-5170263.000
25.833	0.000	430.042	188.245	150087.400	-4846078.000
26.126	0.000	430.042	201.077	139171.500	-4541547.000
26.413	0.000	430.042	214.783	128096.900	-4255902.000
26.674	0.000	430.042	229.423	118223.200	-3989304.000
26.936	0.000	430.042	245.062	110320.300	-3741629.000
27.267	0.000	430.042	261.766	103141.500	-3503009.000
27.534	0.000	430.042	279.609	93305.680	-3282772.000
27.813	0.000	430.042	298.669	86686.760	-3076580.000
28.037	0.000	430.042	319.027	81071.480	-2883721.000
28.368	0.000	430.042	340.773	74906.760	-2702394.000
28.616	0.000	430.042	364.002	68990.140	-2532995.000
28.884	0.000	430.042	388.814	63775.030	-2373952.000
29.135	0.000	430.042	415.317	59095.230	-2224300.000
29.433	0.000	430.042	443.627	54892.660	-2085083.000
29.712	0.000	430.042	473.866	50880.610	-1953987.000
29.899	0.000	430.042	506.167	46850.450	-1830565.000
30.116	0.000	430.042	540.670	43586.180	-1715747.000
30.361	0.000	430.042	577.524	40509.480	-1607417.000
30.577	0.000	430.042	616.890	37390.320	-1506203.000
30.945	0.000	430.042	658.940	34772.110	-1411726.000
31.143	0.000	430.042	703.857	32324.350	-1323128.000
31.390	0.000	430.042	751.834	30081.170	-1239756.000
31.659	0.000	430.043	803.083	27332.540	-1161736.000
31.847	0.000	430.043	857.824	25679.390	-1088494.000
32.087	0.000	430.042	916.297	23965.010	-1020085.000
32.380	0.000	430.042	978.756	22191.530	-955638.100
32.917	0.000	430.042	1045.472	20449.360	-895983.000
33.535	0.000	430.042	1116.736	18836.740	-839265.500
34.015	0.000	430.042	1192.857	17705.320	-786728.500
34.517	0.000	430.043	1274.167	16327.690	-737085.100
34.939	0.000	430.043	1361.020	15325.690	-690578.700
35.349	0.000	430.043	1453.793	14144.960	-647241.500
35.761	0.000	430.043	1552.890	13129.880	-606390.500
36.186	0.000	430.043	1658.741	12190.870	-568238.200
36.570	0.000	430.043	1771.808	11328.860	-532309.000
36.921	0.000	430.043	1892.582	10558.780	-498791.800
37.308	0.000	430.043	2021.589	9778.030	-467383.700
37.608	0.000	430.043	2159.389	9167.721	-437903.000
38.052	0.000	430.043	2306.582	8512.581	-410272.700
38.418	0.000	430.043	2463.808	7943.442	-384381.400
38.729	0.000	430.044	2631.752	7433.347	-360139.300
39.059	0.000	430.044	2811.143	6867.206	-337409.500
39.377	0.000	430.044	3002.763	6400.029	-316061.000
39.691	0.000	430.044	3207.444	5955.505	-296209.500
40.027	0.000	430.044	3426.077	5587.752	-277465.100
40.293	0.000	430.044	3659.613	5213.476	-260002.000
40.573	0.000	430.044	3909.068	4867.360	-243629.900
40.966	0.000	430.044	4175.526	4502.356	-228271.300
41.354	0.000	430.044	4460.148	4207.860	-213855.000
41.703	0.000	430.044	4764.171	3920.668	-200325.200
42.048	0.000	430.044	5088.917	3659.228	-187727.800
42.363	0.000	430.044	5435.799	3415.152	-175865.200
42.705	0.000	430.044	5806.326	3203.968	-164830.700
42.942	0.000	430.044	6202.110	2985.057	-154361.000
43.246	0.000	430.044	6624.872	2749.265	-144617.300
43.534	0.000	430.044	7076.452	2686.043	-135481.000
43.772	0.000	430.044	7558.813	2447.279	-126927.400
44.106	0.000	430.044	8074.054	2297.675	-118915.000
44.463	0.000	430.045	8624.416	2147.928	-111437.000
44.764	0.000	430.045	9212.292	1979.520	-104388.400
45.071	0.000	430.045	9840.241	1892.155	-97824.180
45.319	0.000	430.045	10510.994	1763.312	-91632.450
45.582	0.000	430.045	11227.468	1636.049	-85852.310
45.907	0.000	430.044	11992.780	1531.636	-80457.010
46.172	0.000	430.044	12810.259	1437.335	-75359.160
46.444	0.000	430.044	13683.461	1341.915	-70614.310
46.722	0.000	430.044	14616.184	1268.945	-66152.200
46.994	0.000	430.044	15612.485	1184.385	-61980.910
47.292	0.000	430.044	16676.698	1108.807	-58069.500
47.673	0.000	430.044	17813.453	1029.745	-54412.320
47.916	0.000	430.044	19027.694	978.028	-50981.910
48.186	0.000	430.044	20324.702	912.693	-47757.750
48.423	0.000	430.044	21710.121	875.685	-44754.790
48.731	0.000	430.044	23189.975	800.027	-41927.460
48.983	0.000	430.044	24770.702	760.327	-39273.270
49.268	0.000	430.044	26459.178	711.764	-36797.140
49.503	0.000	430.044	28262.749	671.866	-34469.740
49.828	0.000	430.044	30189.258	623.549	-32284.340
50.193	0.000	430.045	32247.086	585.139	-30259.470
50.454	0.000	430.045	34445.185	552.282	-28345.600
50.786	0.000	430.045	36793.115	517.034	-26565.930
51.024	0.000	430.045	39301.090	491.335	-24887.770
51.359	0.000	430.045	41980.020	461.366	-23315.000
51.782	0.000	430.046	44841.556	431.605	-21843.560
52.185	0.000	430.046	47898.147	407.581	-20466.300
52.649	0.000	430.046	51163.089	377.281	-19176.410
52.948	0.000	430.046	54650.583	355.230	-17962.900
53.326	0.000	430.046	58375.799	339.590	-16830.720
53.574	0.000	430.046	62354.942	332.980	-15775.730
54.042	0.000	430.046	66605.320	299.453	-14776.150
54.332	0.000	430.046	71145.421	282.764	-13844.400
54.587	0.000	430.046	75994.996	271.256	-12964.710
54.913	0.000	430.046	81175.138	249.173	-12151.190
55.283	0.000	430.046	86708.381	234.033	-11393.380
55.578	0.000	430.047	92618.793	224.560	-10670.120
55.886	0.000	430.047	98932.084	211.988	-9994.533
56.261	0.000	430.047	105675.715	191.184	-9369.056
56.523	0.000	430.047	112879.022	189.962	-8772.493
56.859	0.000	430.047	120573.336	178.117	-8221.157
57.137	0.000	430.047	128792.127	186.119	-7707.179
57.461	0.000	430.047	137571.146	158.358	-7218.206
57.833	0.000	430.047	146948.581	151.873	-6759.198
58.167	0.000	430.048	156965.221	145.604	-6337.482
58.426	0.000	430.048	167664.638	137.473	-5934.712
58.729	0.000	430.048	179093.373	130.016	-5560.679
59.028	0.000	430.048	191301.139	126.385	-5206.889
59.393	0.000	430.048	204341.039	119.175	-4883.362
59.705	0.000	430.048	218269.793	111.496	-4574.257
60.096	0.000	430.048	233147.990	104.429	-4276.250
60.373	0.000	430.048	249040.349	101.216	-4015.135
60.669	0.000	430.048	266015.998	96.356	-3762.090
60.954	0.000	430.048	284148.780	92.251	-3524.763
61.232	0.000	430.048	303517.570	86.690	-3301.800
61.650	0.000	430.048	324206.618	83.385	-3092.375
61.894	0.000	430.048	346305.920	78.575	-2896.605
62.259	0.000	430.048	369911.605	75.999	-2712.818
62.573	0.000	430.048	395126.353	73.116	-2541.849
62.848	0.000	430.048	422059.846	69.841	-2380.786
63.238	0.000	430.048	450829.241	65.900	-2230.358
63.603	0.000	430.048	481559.679	63.905	-2088.964
63.992	0.000	430.048	514384.835	60.629	-1954.931
64.243	0.000	430.048	549447.493	59.020	-1832.480
64.573	0.000	430.048	586900.171	56.179	-1715.403
64.872	0.000	430.048	626905.783	54.004	-1606.043
65.168	0.000	430.048	669638.348	52.139	-1504.020
65.454	0.000	430.048	715283.746	50.104	-1407.229
65.793	0.000	430.048	764040.529	49.320	-1315.363
66.042	0.000	430.048	816120.781	47.132	-1233.704
66.370	0.000	430.048	871751.044	44.975	-1154.025
66.716	0.000	430.048	931173.304	43.722	-1079.653
67.060	0.000	430.048	994646.037	42.335	-1010.109
67.364	0.000	430.048	1062445.341	-8.905	-937.919
67.672	0.000	430.048	1134866.134	-9.547	-876.265
68.117	0.000	430.048	1212223.437	-10.382	-817.683
68.494	0.000	430.048	1294853.743	-11.246	-764.741
68.830	0.000	430.048	1383116.481	-11.789	-714.309
69.274	0.000	430.048	1477395.584	-12.457	-666.577
69.793	0.000	430.048	1578101.150	-13.501	-621.320
70.066	0.000	430.048	1685671.237	-13.820	-579.126
70.319	0.000	430.048	1800573.758	-14.751	-538.745
70.787	0.000	430.048	1923308.524	-15.478	-501.411
71.100	0.000	430.048	2054409.414	-15.890	-465.583
71.422	0.000	430.048	2194446.698	-16.303	-431.753
71.711	0.000	430.047	2344029.518	-16.060	-400.183
72.043	0.000	430.047	2503808.540	-16.177	-370.755
72.474	0.000	430.047	2674478.780	-16.529	-341.752
72.889	0.000	430.047	2856782.629	-16.590	-314.914
73.191	0.000	430.047	3051513.084	-16.362	-289.139
73.432	0.000	430.046	3259517.196	-15.997	-264.799
73.771	0.000	430.046	3481699.752	-15.462	-241.764
74.141	0.000	430.046	3719027.216	-15.107	-219.790
74.385	0.000	430.046	3972531.929	-14.303	-198.585
74.704	0.000	430.046	4243316.602	-13.250	-178.759
74.941	0.000	430.046	4532559.110	-12.357	-160.069
75.303	0.000	430.046	4841517.618	-11.496	-141.869
75.569	0.000	430.046	5171536.051	-10.293	-124.315
75.956	0.000	430.046	5524049.945	-8.861	-107.525
76.253	0.000	430.046	5900592.685	-7.048	-91.520
76.500	0.000	430.046	6302802.180	-5.216	-76.371
76.893	0.000	430.046	6732427.985	-3.171	-61.903
77.191	0.000	430.046	7191338.911	-0.908	-48.125
77.554	0.000	430.046	7681531.159	1.647	-35.129
77.948	0.000	430.046	8205136.995	4.444	-23.107
78.216	0.000	430.046	8764434.032	7.266	-11.910
78.500	0.000	430.046	9361855.135	10.320	-1.726
78.828	0.000	430.046	9999999.000	13.407	7.365
